method,run_id,seed,epoch,candidate_evaluations,batch_size,n_cpus,epoch_best_loss,epoch_median_loss,saved_best_loss,success,stop_reason,elapsed_seconds
rl4crn_rne_oscillator_trace_8rxn_stop_risksched085to09_lr1e4_entropy005_s4_c1_rnetol_d256_depth3_p20_bs200,seed133,133,1,200,200,16,122.00391279820788,131.21185842257526,122.00391279820788,False,max_epochs,10.422669172286987
rl4crn_rne_oscillator_trace_8rxn_stop_risksched085to09_lr1e4_entropy005_s4_c1_rnetol_d256_depth3_p20_bs200,seed133,133,2,400,200,16,123.13331529035362,131.2206324250242,122.00391279820788,False,max_epochs,16.938777446746826
rl4crn_rne_oscillator_trace_8rxn_stop_risksched085to09_lr1e4_entropy005_s4_c1_rnetol_d256_depth3_p20_bs200,seed133,133,3,600,200,16,124.16468177487107,130.87042445387243,122.00391279820788,False,max_epochs,25.009901762008667
rl4crn_rne_oscillator_trace_8rxn_stop_risksched085to09_lr1e4_entropy005_s4_c1_rnetol_d256_depth3_p20_bs200,seed133,133,4,800,200,16,123.96977064883457,131.3646071060448,122.00391279820788,False,max_epochs,33.00363779067993
rl4crn_rne_oscillator_trace_8rxn_stop_risksched085to09_lr1e4_entropy005_s4_c1_rnetol_d256_depth3_p20_bs200,seed133,133,5,1000,200,16,123.73225416211044,130.48572029206144,122.00391279820788,False,max_epochs,41.10331320762634
rl4crn_rne_oscillator_trace_8rxn_stop_risksched085to09_lr1e4_entropy005_s4_c1_rnetol_d256_depth3_p20_bs200,seed133,133,6,1200,200,16,123.51193309807832,132.53422157651653,122.00391279820788,False,max_epochs,49.11725687980652
rl4crn_rne_oscillator_trace_8rxn_stop_risksched085to09_lr1e4_entropy005_s4_c1_rnetol_d256_depth3_p20_bs200,seed133,133,7,1400,200,16,123.632792812666,131.25898210138854,122.00391279820788,False,max_epochs,56.98600769042969
rl4crn_rne_oscillator_trace_8rxn_stop_risksched085to09_lr1e4_entropy005_s4_c1_rnetol_d256_depth3_p20_bs200,seed133,133,8,1600,200,16,123.53773775987537,131.09132490405307,122.00391279820788,False,max_epochs,61.626124143600464
rl4crn_rne_oscillator_trace_8rxn_stop_risksched085to09_lr1e4_entropy005_s4_c1_rnetol_d256_depth3_p20_bs200,seed133,133,9,1800,200,16,124.21928682040841,131.53947214337575,122.00391279820788,False,max_epochs,67.84392642974854
rl4crn_rne_oscillator_trace_8rxn_stop_risksched085to09_lr1e4_entropy005_s4_c1_rnetol_d256_depth3_p20_bs200,seed133,133,10,2000,200,16,122.6086274529471,131.323829791953,122.00391279820788,False,max_epochs,76.17215347290039
rl4crn_rne_oscillator_trace_8rxn_stop_risksched085to09_lr1e4_entropy005_s4_c1_rnetol_d256_depth3_p20_bs200,seed133,133,11,2200,200,16,123.8776198876019,131.3031673545283,122.00391279820788,False,max_epochs,84.2199592590332
rl4crn_rne_oscillator_trace_8rxn_stop_risksched085to09_lr1e4_entropy005_s4_c1_rnetol_d256_depth3_p20_bs200,seed133,133,12,2400,200,16,123.65856238695223,130.57019525957787,122.00391279820788,False,max_epochs,92.51290893554688
rl4crn_rne_oscillator_trace_8rxn_stop_risksched085to09_lr1e4_entropy005_s4_c1_rnetol_d256_depth3_p20_bs200,seed133,133,13,2600,200,16,123.01348707465915,130.3734642640247,122.00391279820788,False,max_epochs,101.45390033721924
rl4crn_rne_oscillator_trace_8rxn_stop_risksched085to09_lr1e4_entropy005_s4_c1_rnetol_d256_depth3_p20_bs200,seed133,133,14,2800,200,16,122.71272148246845,129.97320696198642,122.00391279820788,False,max_epochs,109.68415188789368
rl4crn_rne_oscillator_trace_8rxn_stop_risksched085to09_lr1e4_entropy005_s4_c1_rnetol_d256_depth3_p20_bs200,seed133,133,15,3000,200,16,122.00539220321298,130.0618798683197,122.00391279820788,False,max_epochs,118.18264508247375
rl4crn_rne_oscillator_trace_8rxn_stop_risksched085to09_lr1e4_entropy005_s4_c1_rnetol_d256_depth3_p20_bs200,seed133,133,16,3200,200,16,123.25030771817421,129.30093165923282,122.00391279820788,False,max_epochs,125.83430004119873
rl4crn_rne_oscillator_trace_8rxn_stop_risksched085to09_lr1e4_entropy005_s4_c1_rnetol_d256_depth3_p20_bs200,seed133,133,17,3400,200,16,122.64329559265163,129.88253700945006,122.00391279820788,False,max_epochs,134.15870928764343
rl4crn_rne_oscillator_trace_8rxn_stop_risksched085to09_lr1e4_entropy005_s4_c1_rnetol_d256_depth3_p20_bs200,seed133,133,18,3600,200,16,122.41080608196249,127.89838356039752,122.00391279820788,False,max_epochs,141.53905129432678
rl4crn_rne_oscillator_trace_8rxn_stop_risksched085to09_lr1e4_entropy005_s4_c1_rnetol_d256_depth3_p20_bs200,seed133,133,19,3800,200,16,122.93150896007,129.05615482222086,122.00391279820788,False,max_epochs,144.19165062904358
rl4crn_rne_oscillator_trace_8rxn_stop_risksched085to09_lr1e4_entropy005_s4_c1_rnetol_d256_depth3_p20_bs200,seed133,133,20,4000,200,16,122.50874356041783,128.29794579755026,122.00391279820788,False,max_epochs,151.91490936279297
rl4crn_rne_oscillator_trace_8rxn_stop_risksched085to09_lr1e4_entropy005_s4_c1_rnetol_d256_depth3_p20_bs200,seed133,133,21,4200,200,16,122.49466404720619,129.43559434938317,122.00391279820788,False,max_epochs,160.4046573638916
rl4crn_rne_oscillator_trace_8rxn_stop_risksched085to09_lr1e4_entropy005_s4_c1_rnetol_d256_depth3_p20_bs200,seed133,133,22,4400,200,16,122.64018739174104,128.22506894085063,122.00391279820788,False,max_epochs,168.950341463089
rl4crn_rne_oscillator_trace_8rxn_stop_risksched085to09_lr1e4_entropy005_s4_c1_rnetol_d256_depth3_p20_bs200,seed133,133,23,4600,200,16,121.53509685121051,130.3332522531568,121.53509685121051,False,max_epochs,177.36860728263855
rl4crn_rne_oscillator_trace_8rxn_stop_risksched085to09_lr1e4_entropy005_s4_c1_rnetol_d256_depth3_p20_bs200,seed133,133,24,4800,200,16,121.63816730027914,134.11101746398936,121.53509685121051,False,max_epochs,185.50241541862488
rl4crn_rne_oscillator_trace_8rxn_stop_risksched085to09_lr1e4_entropy005_s4_c1_rnetol_d256_depth3_p20_bs200,seed133,133,25,5000,200,16,121.25354280678572,134.68624744308707,121.25354280678572,False,max_epochs,194.2068099975586
rl4crn_rne_oscillator_trace_8rxn_stop_risksched085to09_lr1e4_entropy005_s4_c1_rnetol_d256_depth3_p20_bs200,seed133,133,26,5200,200,16,122.99451924852077,135.44405888852663,121.25354280678572,False,max_epochs,202.34604215621948
rl4crn_rne_oscillator_trace_8rxn_stop_risksched085to09_lr1e4_entropy005_s4_c1_rnetol_d256_depth3_p20_bs200,seed133,133,27,5400,200,16,122.34183959253411,135.00391377869522,121.25354280678572,False,max_epochs,211.21030926704407
rl4crn_rne_oscillator_trace_8rxn_stop_risksched085to09_lr1e4_entropy005_s4_c1_rnetol_d256_depth3_p20_bs200,seed133,133,28,5600,200,16,121.69045965385163,133.54039321831908,121.25354280678572,False,max_epochs,219.6656367778778
rl4crn_rne_oscillator_trace_8rxn_stop_risksched085to09_lr1e4_entropy005_s4_c1_rnetol_d256_depth3_p20_bs200,seed133,133,29,5800,200,16,121.57787195640165,132.7072569531521,121.25354280678572,False,max_epochs,227.72987389564514
rl4crn_rne_oscillator_trace_8rxn_stop_risksched085to09_lr1e4_entropy005_s4_c1_rnetol_d256_depth3_p20_bs200,seed133,133,30,6000,200,16,122.36542574996362,131.4138506191492,121.25354280678572,False,max_epochs,235.96213555335999
rl4crn_rne_oscillator_trace_8rxn_stop_risksched085to09_lr1e4_entropy005_s4_c1_rnetol_d256_depth3_p20_bs200,seed133,133,31,6200,200,16,121.96038486607169,131.31337018241746,121.25354280678572,False,max_epochs,244.73644924163818
rl4crn_rne_oscillator_trace_8rxn_stop_risksched085to09_lr1e4_entropy005_s4_c1_rnetol_d256_depth3_p20_bs200,seed133,133,32,6400,200,16,120.96680972198085,132.35328025545553,120.96680972198085,False,max_epochs,252.85204100608826
rl4crn_rne_oscillator_trace_8rxn_stop_risksched085to09_lr1e4_entropy005_s4_c1_rnetol_d256_depth3_p20_bs200,seed133,133,33,6600,200,16,121.30784260589785,131.37389853986312,120.96680972198085,False,max_epochs,261.46029710769653
rl4crn_rne_oscillator_trace_8rxn_stop_risksched085to09_lr1e4_entropy005_s4_c1_rnetol_d256_depth3_p20_bs200,seed133,133,34,6800,200,16,121.60115939412998,132.48392281212801,120.96680972198085,False,max_epochs,269.5602581501007
rl4crn_rne_oscillator_trace_8rxn_stop_risksched085to09_lr1e4_entropy005_s4_c1_rnetol_d256_depth3_p20_bs200,seed133,133,35,7000,200,16,121.13286612631956,132.26094656069432,120.96680972198085,False,max_epochs,278.09881925582886
rl4crn_rne_oscillator_trace_8rxn_stop_risksched085to09_lr1e4_entropy005_s4_c1_rnetol_d256_depth3_p20_bs200,seed133,133,36,7200,200,16,121.03188873200634,131.16224098962846,120.96680972198085,False,max_epochs,286.1793124675751
rl4crn_rne_oscillator_trace_8rxn_stop_risksched085to09_lr1e4_entropy005_s4_c1_rnetol_d256_depth3_p20_bs200,seed133,133,37,7400,200,16,121.11554071727643,130.6828924286355,120.96680972198085,False,max_epochs,294.2549624443054
rl4crn_rne_oscillator_trace_8rxn_stop_risksched085to09_lr1e4_entropy005_s4_c1_rnetol_d256_depth3_p20_bs200,seed133,133,38,7600,200,16,121.45449486307065,131.4071752383271,120.96680972198085,False,max_epochs,302.34242701530457
rl4crn_rne_oscillator_trace_8rxn_stop_risksched085to09_lr1e4_entropy005_s4_c1_rnetol_d256_depth3_p20_bs200,seed133,133,39,7800,200,16,118.70461285361641,129.4552533124613,118.70461285361641,False,max_epochs,310.54014778137207
rl4crn_rne_oscillator_trace_8rxn_stop_risksched085to09_lr1e4_entropy005_s4_c1_rnetol_d256_depth3_p20_bs200,seed133,133,40,8000,200,16,121.21708387382125,127.44870606447388,118.70461285361641,False,max_epochs,316.2011470794678
rl4crn_rne_oscillator_trace_8rxn_stop_risksched085to09_lr1e4_entropy005_s4_c1_rnetol_d256_depth3_p20_bs200,seed133,133,41,8200,200,16,121.06032463462866,129.9323813887868,118.70461285361641,False,max_epochs,320.74137330055237
rl4crn_rne_oscillator_trace_8rxn_stop_risksched085to09_lr1e4_entropy005_s4_c1_rnetol_d256_depth3_p20_bs200,seed133,133,42,8400,200,16,121.54841978650366,127.25385292226761,118.70461285361641,False,max_epochs,328.59190249443054
rl4crn_rne_oscillator_trace_8rxn_stop_risksched085to09_lr1e4_entropy005_s4_c1_rnetol_d256_depth3_p20_bs200,seed133,133,43,8600,200,16,121.19796571638793,128.3129025562971,118.70461285361641,False,max_epochs,336.5790786743164
rl4crn_rne_oscillator_trace_8rxn_stop_risksched085to09_lr1e4_entropy005_s4_c1_rnetol_d256_depth3_p20_bs200,seed133,133,44,8800,200,16,120.86193977222484,132.09153145030243,118.70461285361641,False,max_epochs,344.5987637042999
rl4crn_rne_oscillator_trace_8rxn_stop_risksched085to09_lr1e4_entropy005_s4_c1_rnetol_d256_depth3_p20_bs200,seed133,133,45,9000,200,16,121.05506977452113,131.45252773779677,118.70461285361641,False,max_epochs,352.62782192230225
rl4crn_rne_oscillator_trace_8rxn_stop_risksched085to09_lr1e4_entropy005_s4_c1_rnetol_d256_depth3_p20_bs200,seed133,133,46,9200,200,16,121.0506327693382,130.95879931124912,118.70461285361641,False,max_epochs,356.1221103668213
rl4crn_rne_oscillator_trace_8rxn_stop_risksched085to09_lr1e4_entropy005_s4_c1_rnetol_d256_depth3_p20_bs200,seed133,133,47,9400,200,16,121.09777323480981,130.43865688913644,118.70461285361641,False,max_epochs,362.6766324043274
rl4crn_rne_oscillator_trace_8rxn_stop_risksched085to09_lr1e4_entropy005_s4_c1_rnetol_d256_depth3_p20_bs200,seed133,133,48,9600,200,16,120.30066226036814,131.22559585025812,118.70461285361641,False,max_epochs,371.12731552124023
rl4crn_rne_oscillator_trace_8rxn_stop_risksched085to09_lr1e4_entropy005_s4_c1_rnetol_d256_depth3_p20_bs200,seed133,133,49,9800,200,16,120.19055514836498,129.03705120469323,118.70461285361641,False,max_epochs,379.81957244873047
rl4crn_rne_oscillator_trace_8rxn_stop_risksched085to09_lr1e4_entropy005_s4_c1_rnetol_d256_depth3_p20_bs200,seed133,133,50,10000,200,16,121.34108206053804,131.75509564355423,118.70461285361641,False,max_epochs,387.8929829597473
rl4crn_rne_oscillator_trace_8rxn_stop_risksched085to09_lr1e4_entropy005_s4_c1_rnetol_d256_depth3_p20_bs200,seed133,133,51,10200,200,16,121.03019465413092,130.5289350022346,118.70461285361641,False,max_epochs,396.14693212509155
rl4crn_rne_oscillator_trace_8rxn_stop_risksched085to09_lr1e4_entropy005_s4_c1_rnetol_d256_depth3_p20_bs200,seed133,133,52,10400,200,16,121.58302728084124,131.27857441618005,118.70461285361641,False,max_epochs,404.43357133865356
rl4crn_rne_oscillator_trace_8rxn_stop_risksched085to09_lr1e4_entropy005_s4_c1_rnetol_d256_depth3_p20_bs200,seed133,133,53,10600,200,16,120.40796235142886,132.98250654472758,118.70461285361641,False,max_epochs,412.58584427833557
rl4crn_rne_oscillator_trace_8rxn_stop_risksched085to09_lr1e4_entropy005_s4_c1_rnetol_d256_depth3_p20_bs200,seed133,133,54,10800,200,16,120.53502967470563,132.576980119417,118.70461285361641,False,max_epochs,420.843789100647
rl4crn_rne_oscillator_trace_8rxn_stop_risksched085to09_lr1e4_entropy005_s4_c1_rnetol_d256_depth3_p20_bs200,seed133,133,55,11000,200,16,120.90397443301664,132.97795943065552,118.70461285361641,False,max_epochs,428.92553091049194
rl4crn_rne_oscillator_trace_8rxn_stop_risksched085to09_lr1e4_entropy005_s4_c1_rnetol_d256_depth3_p20_bs200,seed133,133,56,11200,200,16,121.02228878158422,132.1008647847583,118.70461285361641,False,max_epochs,436.4096381664276
rl4crn_rne_oscillator_trace_8rxn_stop_risksched085to09_lr1e4_entropy005_s4_c1_rnetol_d256_depth3_p20_bs200,seed133,133,57,11400,200,16,121.45024237424839,131.00315594935762,118.70461285361641,False,max_epochs,439.5845136642456
rl4crn_rne_oscillator_trace_8rxn_stop_risksched085to09_lr1e4_entropy005_s4_c1_rnetol_d256_depth3_p20_bs200,seed133,133,58,11600,200,16,116.20081010848907,131.62526528496562,116.20081010848907,False,max_epochs,447.11071395874023
rl4crn_rne_oscillator_trace_8rxn_stop_risksched085to09_lr1e4_entropy005_s4_c1_rnetol_d256_depth3_p20_bs200,seed133,133,59,11800,200,16,118.1230338958322,132.3503995618375,116.20081010848907,False,max_epochs,455.3100643157959
rl4crn_rne_oscillator_trace_8rxn_stop_risksched085to09_lr1e4_entropy005_s4_c1_rnetol_d256_depth3_p20_bs200,seed133,133,60,12000,200,16,117.3629799641796,132.54035902092085,116.20081010848907,False,max_epochs,463.481303691864
rl4crn_rne_oscillator_trace_8rxn_stop_risksched085to09_lr1e4_entropy005_s4_c1_rnetol_d256_depth3_p20_bs200,seed133,133,61,12200,200,16,121.20140704175445,136.96166659802077,116.20081010848907,False,max_epochs,471.6145439147949
rl4crn_rne_oscillator_trace_8rxn_stop_risksched085to09_lr1e4_entropy005_s4_c1_rnetol_d256_depth3_p20_bs200,seed133,133,62,12400,200,16,116.48945450601884,136.28928084568264,116.20081010848907,False,max_epochs,479.4275596141815
rl4crn_rne_oscillator_trace_8rxn_stop_risksched085to09_lr1e4_entropy005_s4_c1_rnetol_d256_depth3_p20_bs200,seed133,133,63,12600,200,16,120.41225316563359,137.33239910075298,116.20081010848907,False,max_epochs,487.01978373527527
rl4crn_rne_oscillator_trace_8rxn_stop_risksched085to09_lr1e4_entropy005_s4_c1_rnetol_d256_depth3_p20_bs200,seed133,133,64,12800,200,16,121.38095705846082,133.57067360363286,116.20081010848907,False,max_epochs,490.5480692386627
rl4crn_rne_oscillator_trace_8rxn_stop_risksched085to09_lr1e4_entropy005_s4_c1_rnetol_d256_depth3_p20_bs200,seed133,133,65,13000,200,16,120.55442236524914,132.6094568411983,116.20081010848907,False,max_epochs,497.52455163002014
rl4crn_rne_oscillator_trace_8rxn_stop_risksched085to09_lr1e4_entropy005_s4_c1_rnetol_d256_depth3_p20_bs200,seed133,133,66,13200,200,16,120.2449050436142,130.63150890277086,116.20081010848907,False,max_epochs,505.80442690849304
rl4crn_rne_oscillator_trace_8rxn_stop_risksched085to09_lr1e4_entropy005_s4_c1_rnetol_d256_depth3_p20_bs200,seed133,133,67,13400,200,16,121.04299981472462,128.92623160826832,116.20081010848907,False,max_epochs,514.1857192516327
rl4crn_rne_oscillator_trace_8rxn_stop_risksched085to09_lr1e4_entropy005_s4_c1_rnetol_d256_depth3_p20_bs200,seed133,133,68,13600,200,16,120.83620761833636,130.70433426329572,116.20081010848907,False,max_epochs,522.4800589084625
rl4crn_rne_oscillator_trace_8rxn_stop_risksched085to09_lr1e4_entropy005_s4_c1_rnetol_d256_depth3_p20_bs200,seed133,133,69,13800,200,16,117.57210288162756,131.54662724931424,116.20081010848907,False,max_epochs,530.4912352561951
rl4crn_rne_oscillator_trace_8rxn_stop_risksched085to09_lr1e4_entropy005_s4_c1_rnetol_d256_depth3_p20_bs200,seed133,133,70,14000,200,16,117.16177889739592,132.0113743334769,116.20081010848907,False,max_epochs,538.4591660499573
rl4crn_rne_oscillator_trace_8rxn_stop_risksched085to09_lr1e4_entropy005_s4_c1_rnetol_d256_depth3_p20_bs200,seed133,133,71,14200,200,16,115.2874797876414,135.5813324985062,115.2874797876414,False,max_epochs,546.1395447254181
rl4crn_rne_oscillator_trace_8rxn_stop_risksched085to09_lr1e4_entropy005_s4_c1_rnetol_d256_depth3_p20_bs200,seed133,133,72,14400,200,16,121.33561539110512,134.92947584914293,115.2874797876414,False,max_epochs,549.8347482681274
rl4crn_rne_oscillator_trace_8rxn_stop_risksched085to09_lr1e4_entropy005_s4_c1_rnetol_d256_depth3_p20_bs200,seed133,133,73,14600,200,16,120.7575914205938,136.882552290019,115.2874797876414,False,max_epochs,556.8932619094849
rl4crn_rne_oscillator_trace_8rxn_stop_risksched085to09_lr1e4_entropy005_s4_c1_rnetol_d256_depth3_p20_bs200,seed133,133,74,14800,200,16,114.09023005843066,135.18771164912175,114.09023005843066,False,max_epochs,565.0218961238861
rl4crn_rne_oscillator_trace_8rxn_stop_risksched085to09_lr1e4_entropy005_s4_c1_rnetol_d256_depth3_p20_bs200,seed133,133,75,15000,200,16,120.42543782486459,134.72014119864443,114.09023005843066,False,max_epochs,573.4278295040131
rl4crn_rne_oscillator_trace_8rxn_stop_risksched085to09_lr1e4_entropy005_s4_c1_rnetol_d256_depth3_p20_bs200,seed133,133,76,15200,200,16,119.13247194606902,131.55065084655666,114.09023005843066,False,max_epochs,581.9001393318176
rl4crn_rne_oscillator_trace_8rxn_stop_risksched085to09_lr1e4_entropy005_s4_c1_rnetol_d256_depth3_p20_bs200,seed133,133,77,15400,200,16,115.08760133905851,133.31436120163718,114.09023005843066,False,max_epochs,589.7757790088654
rl4crn_rne_oscillator_trace_8rxn_stop_risksched085to09_lr1e4_entropy005_s4_c1_rnetol_d256_depth3_p20_bs200,seed133,133,78,15600,200,16,120.33031285196995,133.46769413022733,114.09023005843066,False,max_epochs,597.8897998332977
rl4crn_rne_oscillator_trace_8rxn_stop_risksched085to09_lr1e4_entropy005_s4_c1_rnetol_d256_depth3_p20_bs200,seed133,133,79,15800,200,16,118.55728662249942,131.28611232420087,114.09023005843066,False,max_epochs,605.8533699512482
rl4crn_rne_oscillator_trace_8rxn_stop_risksched085to09_lr1e4_entropy005_s4_c1_rnetol_d256_depth3_p20_bs200,seed133,133,80,16000,200,16,121.02294501359283,134.14624341111193,114.09023005843066,False,max_epochs,608.6873745918274
rl4crn_rne_oscillator_trace_8rxn_stop_risksched085to09_lr1e4_entropy005_s4_c1_rnetol_d256_depth3_p20_bs200,seed133,133,81,16200,200,16,121.0065801623238,135.9427250684569,114.09023005843066,False,max_epochs,616.3184988498688
rl4crn_rne_oscillator_trace_8rxn_stop_risksched085to09_lr1e4_entropy005_s4_c1_rnetol_d256_depth3_p20_bs200,seed133,133,82,16400,200,16,115.83583939874686,133.42001353531032,114.09023005843066,False,max_epochs,624.6669976711273
rl4crn_rne_oscillator_trace_8rxn_stop_risksched085to09_lr1e4_entropy005_s4_c1_rnetol_d256_depth3_p20_bs200,seed133,133,83,16600,200,16,115.16931800899361,135.23146794332473,114.09023005843066,False,max_epochs,633.172226190567
rl4crn_rne_oscillator_trace_8rxn_stop_risksched085to09_lr1e4_entropy005_s4_c1_rnetol_d256_depth3_p20_bs200,seed133,133,84,16800,200,16,110.11237856237396,137.72248503559393,110.11237856237396,False,max_epochs,641.3827948570251
rl4crn_rne_oscillator_trace_8rxn_stop_risksched085to09_lr1e4_entropy005_s4_c1_rnetol_d256_depth3_p20_bs200,seed133,133,85,17000,200,16,118.03235986570505,132.43219257446705,110.11237856237396,False,max_epochs,649.6028492450714
rl4crn_rne_oscillator_trace_8rxn_stop_risksched085to09_lr1e4_entropy005_s4_c1_rnetol_d256_depth3_p20_bs200,seed133,133,86,17200,200,16,110.3659791685766,135.00254322190702,110.11237856237396,False,max_epochs,658.1154713630676
rl4crn_rne_oscillator_trace_8rxn_stop_risksched085to09_lr1e4_entropy005_s4_c1_rnetol_d256_depth3_p20_bs200,seed133,133,87,17400,200,16,117.56171101132901,132.79061867307553,110.11237856237396,False,max_epochs,666.327653169632
rl4crn_rne_oscillator_trace_8rxn_stop_risksched085to09_lr1e4_entropy005_s4_c1_rnetol_d256_depth3_p20_bs200,seed133,133,88,17600,200,16,118.30722733728601,133.5202576578679,110.11237856237396,False,max_epochs,674.6017863750458
rl4crn_rne_oscillator_trace_8rxn_stop_risksched085to09_lr1e4_entropy005_s4_c1_rnetol_d256_depth3_p20_bs200,seed133,133,89,17800,200,16,115.5599346258093,131.94951281787368,110.11237856237396,False,max_epochs,682.8343544006348
rl4crn_rne_oscillator_trace_8rxn_stop_risksched085to09_lr1e4_entropy005_s4_c1_rnetol_d256_depth3_p20_bs200,seed133,133,90,18000,200,16,116.70130527042276,135.0087979482555,110.11237856237396,False,max_epochs,690.851352930069
rl4crn_rne_oscillator_trace_8rxn_stop_risksched085to09_lr1e4_entropy005_s4_c1_rnetol_d256_depth3_p20_bs200,seed133,133,91,18200,200,16,117.32265397665661,136.35031589304577,110.11237856237396,False,max_epochs,698.8910717964172
rl4crn_rne_oscillator_trace_8rxn_stop_risksched085to09_lr1e4_entropy005_s4_c1_rnetol_d256_depth3_p20_bs200,seed133,133,92,18400,200,16,117.65340364704967,133.4840469442642,110.11237856237396,False,max_epochs,706.4804241657257
rl4crn_rne_oscillator_trace_8rxn_stop_risksched085to09_lr1e4_entropy005_s4_c1_rnetol_d256_depth3_p20_bs200,seed133,133,93,18600,200,16,113.95299461117581,134.36779551082026,110.11237856237396,False,max_epochs,709.3850195407867
rl4crn_rne_oscillator_trace_8rxn_stop_risksched085to09_lr1e4_entropy005_s4_c1_rnetol_d256_depth3_p20_bs200,seed133,133,94,18800,200,16,115.73003154952218,135.20428069413026,110.11237856237396,False,max_epochs,717.2593908309937
rl4crn_rne_oscillator_trace_8rxn_stop_risksched085to09_lr1e4_entropy005_s4_c1_rnetol_d256_depth3_p20_bs200,seed133,133,95,19000,200,16,114.20004861964311,132.82945925773942,110.11237856237396,False,max_epochs,725.8218626976013
rl4crn_rne_oscillator_trace_8rxn_stop_risksched085to09_lr1e4_entropy005_s4_c1_rnetol_d256_depth3_p20_bs200,seed133,133,96,19200,200,16,108.74507816234758,133.97805547900515,108.74507816234758,False,max_epochs,734.1173107624054
rl4crn_rne_oscillator_trace_8rxn_stop_risksched085to09_lr1e4_entropy005_s4_c1_rnetol_d256_depth3_p20_bs200,seed133,133,97,19400,200,16,114.97432892155096,134.296169300202,108.74507816234758,False,max_epochs,742.4024302959442
rl4crn_rne_oscillator_trace_8rxn_stop_risksched085to09_lr1e4_entropy005_s4_c1_rnetol_d256_depth3_p20_bs200,seed133,133,98,19600,200,16,114.9564384952765,133.49350287231823,108.74507816234758,False,max_epochs,750.4266064167023
rl4crn_rne_oscillator_trace_8rxn_stop_risksched085to09_lr1e4_entropy005_s4_c1_rnetol_d256_depth3_p20_bs200,seed133,133,99,19800,200,16,106.96800441705477,133.01085059740808,106.96800441705477,False,max_epochs,759.0707015991211
rl4crn_rne_oscillator_trace_8rxn_stop_risksched085to09_lr1e4_entropy005_s4_c1_rnetol_d256_depth3_p20_bs200,seed133,133,100,20000,200,16,115.18644972351697,132.47418390199266,106.96800441705477,False,max_epochs,767.3718690872192
rl4crn_rne_oscillator_trace_8rxn_stop_risksched085to09_lr1e4_entropy005_s4_c1_rnetol_d256_depth3_p20_bs200,seed133,133,101,20200,200,16,110.28471251014452,131.4393600422589,106.96800441705477,False,max_epochs,775.5678968429565
rl4crn_rne_oscillator_trace_8rxn_stop_risksched085to09_lr1e4_entropy005_s4_c1_rnetol_d256_depth3_p20_bs200,seed133,133,102,20400,200,16,117.09991422587115,131.8015646636205,106.96800441705477,False,max_epochs,783.6675515174866
rl4crn_rne_oscillator_trace_8rxn_stop_risksched085to09_lr1e4_entropy005_s4_c1_rnetol_d256_depth3_p20_bs200,seed133,133,103,20600,200,16,109.67967055166038,133.11742328282617,106.96800441705477,False,max_epochs,791.7676291465759
rl4crn_rne_oscillator_trace_8rxn_stop_risksched085to09_lr1e4_entropy005_s4_c1_rnetol_d256_depth3_p20_bs200,seed133,133,104,20800,200,16,115.07648583625931,130.48761533504796,106.96800441705477,False,max_epochs,799.8320486545563
rl4crn_rne_oscillator_trace_8rxn_stop_risksched085to09_lr1e4_entropy005_s4_c1_rnetol_d256_depth3_p20_bs200,seed133,133,105,21000,200,16,113.27193911999359,131.29086939965043,106.96800441705477,False,max_epochs,804.9253611564636
rl4crn_rne_oscillator_trace_8rxn_stop_risksched085to09_lr1e4_entropy005_s4_c1_rnetol_d256_depth3_p20_bs200,seed133,133,106,21200,200,16,115.86169987219449,132.9028489182403,106.96800441705477,False,max_epochs,810.190039396286
rl4crn_rne_oscillator_trace_8rxn_stop_risksched085to09_lr1e4_entropy005_s4_c1_rnetol_d256_depth3_p20_bs200,seed133,133,107,21400,200,16,113.08176248001686,132.1518397763056,106.96800441705477,False,max_epochs,818.3600080013275
rl4crn_rne_oscillator_trace_8rxn_stop_risksched085to09_lr1e4_entropy005_s4_c1_rnetol_d256_depth3_p20_bs200,seed133,133,108,21600,200,16,107.56153091364213,132.14187163922247,106.96800441705477,False,max_epochs,826.4483637809753
rl4crn_rne_oscillator_trace_8rxn_stop_risksched085to09_lr1e4_entropy005_s4_c1_rnetol_d256_depth3_p20_bs200,seed133,133,109,21800,200,16,107.73030421100577,131.60279848635082,106.96800441705477,False,max_epochs,834.8487532138824
rl4crn_rne_oscillator_trace_8rxn_stop_risksched085to09_lr1e4_entropy005_s4_c1_rnetol_d256_depth3_p20_bs200,seed133,133,110,22000,200,16,113.41906563140526,133.40906787987467,106.96800441705477,False,max_epochs,843.1794514656067
rl4crn_rne_oscillator_trace_8rxn_stop_risksched085to09_lr1e4_entropy005_s4_c1_rnetol_d256_depth3_p20_bs200,seed133,133,111,22200,200,16,108.75633428541441,129.9744967692548,106.96800441705477,False,max_epochs,851.7122032642365
rl4crn_rne_oscillator_trace_8rxn_stop_risksched085to09_lr1e4_entropy005_s4_c1_rnetol_d256_depth3_p20_bs200,seed133,133,112,22400,200,16,114.21883802232838,131.28467927490328,106.96800441705477,False,max_epochs,860.4327471256256
rl4crn_rne_oscillator_trace_8rxn_stop_risksched085to09_lr1e4_entropy005_s4_c1_rnetol_d256_depth3_p20_bs200,seed133,133,113,22600,200,16,103.87811284641342,130.0147537807747,103.87811284641342,False,max_epochs,868.953206539154
rl4crn_rne_oscillator_trace_8rxn_stop_risksched085to09_lr1e4_entropy005_s4_c1_rnetol_d256_depth3_p20_bs200,seed133,133,114,22800,200,16,113.36762704951514,131.27862045846584,103.87811284641342,False,max_epochs,877.4689838886261
rl4crn_rne_oscillator_trace_8rxn_stop_risksched085to09_lr1e4_entropy005_s4_c1_rnetol_d256_depth3_p20_bs200,seed133,133,115,23000,200,16,107.2732554718779,134.57920846730386,103.87811284641342,False,max_epochs,885.5065150260925
rl4crn_rne_oscillator_trace_8rxn_stop_risksched085to09_lr1e4_entropy005_s4_c1_rnetol_d256_depth3_p20_bs200,seed133,133,116,23200,200,16,109.84130056654625,132.7596411399321,103.87811284641342,False,max_epochs,894.2606933116913
rl4crn_rne_oscillator_trace_8rxn_stop_risksched085to09_lr1e4_entropy005_s4_c1_rnetol_d256_depth3_p20_bs200,seed133,133,117,23400,200,16,109.49121347951794,129.94566025992873,103.87811284641342,False,max_epochs,902.4882674217224
rl4crn_rne_oscillator_trace_8rxn_stop_risksched085to09_lr1e4_entropy005_s4_c1_rnetol_d256_depth3_p20_bs200,seed133,133,118,23600,200,16,111.27978941711709,130.94702661090594,103.87811284641342,False,max_epochs,910.8465218544006
rl4crn_rne_oscillator_trace_8rxn_stop_risksched085to09_lr1e4_entropy005_s4_c1_rnetol_d256_depth3_p20_bs200,seed133,133,119,23800,200,16,110.33322031930265,131.53054698011007,103.87811284641342,False,max_epochs,919.2562296390533
rl4crn_rne_oscillator_trace_8rxn_stop_risksched085to09_lr1e4_entropy005_s4_c1_rnetol_d256_depth3_p20_bs200,seed133,133,120,24000,200,16,111.22732051833192,132.33703613164528,103.87811284641342,False,max_epochs,927.2340984344482
rl4crn_rne_oscillator_trace_8rxn_stop_risksched085to09_lr1e4_entropy005_s4_c1_rnetol_d256_depth3_p20_bs200,seed133,133,121,24200,200,16,114.85465235556963,133.36262888378374,103.87811284641342,False,max_epochs,935.2429325580597
rl4crn_rne_oscillator_trace_8rxn_stop_risksched085to09_lr1e4_entropy005_s4_c1_rnetol_d256_depth3_p20_bs200,seed133,133,122,24400,200,16,112.36949235954066,130.22804384141216,103.87811284641342,False,max_epochs,943.2542061805725
rl4crn_rne_oscillator_trace_8rxn_stop_risksched085to09_lr1e4_entropy005_s4_c1_rnetol_d256_depth3_p20_bs200,seed133,133,123,24600,200,16,103.34408532050973,131.32167967664412,103.34408532050973,False,max_epochs,950.5030641555786
rl4crn_rne_oscillator_trace_8rxn_stop_risksched085to09_lr1e4_entropy005_s4_c1_rnetol_d256_depth3_p20_bs200,seed133,133,124,24800,200,16,107.70626057571722,132.8931989130557,103.34408532050973,False,max_epochs,954.0939753055573
rl4crn_rne_oscillator_trace_8rxn_stop_risksched085to09_lr1e4_entropy005_s4_c1_rnetol_d256_depth3_p20_bs200,seed133,133,125,25000,200,16,111.38939450504611,132.66485151896717,103.34408532050973,False,max_epochs,961.537445306778
rl4crn_rne_oscillator_trace_8rxn_stop_risksched085to09_lr1e4_entropy005_s4_c1_rnetol_d256_depth3_p20_bs200,seed133,133,126,25200,200,16,111.33446584794883,133.5837016245703,103.34408532050973,False,max_epochs,969.7142555713654
rl4crn_rne_oscillator_trace_8rxn_stop_risksched085to09_lr1e4_entropy005_s4_c1_rnetol_d256_depth3_p20_bs200,seed133,133,127,25400,200,16,103.95865893030533,131.8621155456123,103.34408532050973,False,max_epochs,977.8571043014526
rl4crn_rne_oscillator_trace_8rxn_stop_risksched085to09_lr1e4_entropy005_s4_c1_rnetol_d256_depth3_p20_bs200,seed133,133,128,25600,200,16,112.88914663127136,130.1764446292339,103.34408532050973,False,max_epochs,986.4327557086945
rl4crn_rne_oscillator_trace_8rxn_stop_risksched085to09_lr1e4_entropy005_s4_c1_rnetol_d256_depth3_p20_bs200,seed133,133,129,25800,200,16,106.2381530449171,130.80435859162813,103.34408532050973,False,max_epochs,994.9044749736786
rl4crn_rne_oscillator_trace_8rxn_stop_risksched085to09_lr1e4_entropy005_s4_c1_rnetol_d256_depth3_p20_bs200,seed133,133,130,26000,200,16,109.60102945959505,130.22167830610735,103.34408532050973,False,max_epochs,1002.913366317749
rl4crn_rne_oscillator_trace_8rxn_stop_risksched085to09_lr1e4_entropy005_s4_c1_rnetol_d256_depth3_p20_bs200,seed133,133,131,26200,200,16,113.77209500892613,132.51376773286216,103.34408532050973,False,max_epochs,1010.9218714237213
rl4crn_rne_oscillator_trace_8rxn_stop_risksched085to09_lr1e4_entropy005_s4_c1_rnetol_d256_depth3_p20_bs200,seed133,133,132,26400,200,16,106.71656394931664,132.5702021637564,103.34408532050973,False,max_epochs,1018.7279276847839
rl4crn_rne_oscillator_trace_8rxn_stop_risksched085to09_lr1e4_entropy005_s4_c1_rnetol_d256_depth3_p20_bs200,seed133,133,133,26600,200,16,108.32819310700103,132.02405335898587,103.34408532050973,False,max_epochs,1021.7306923866272
rl4crn_rne_oscillator_trace_8rxn_stop_risksched085to09_lr1e4_entropy005_s4_c1_rnetol_d256_depth3_p20_bs200,seed133,133,134,26800,200,16,106.08691731195111,128.96523885675515,103.34408532050973,False,max_epochs,1029.2335531711578
rl4crn_rne_oscillator_trace_8rxn_stop_risksched085to09_lr1e4_entropy005_s4_c1_rnetol_d256_depth3_p20_bs200,seed133,133,135,27000,200,16,109.76100351603174,129.9095444403464,103.34408532050973,False,max_epochs,1037.2591907978058
rl4crn_rne_oscillator_trace_8rxn_stop_risksched085to09_lr1e4_entropy005_s4_c1_rnetol_d256_depth3_p20_bs200,seed133,133,136,27200,200,16,104.21120253753699,128.69338617648498,103.34408532050973,False,max_epochs,1045.2055597305298
rl4crn_rne_oscillator_trace_8rxn_stop_risksched085to09_lr1e4_entropy005_s4_c1_rnetol_d256_depth3_p20_bs200,seed133,133,137,27400,200,16,110.70045201129986,129.57839245166593,103.34408532050973,False,max_epochs,1053.5956501960754
rl4crn_rne_oscillator_trace_8rxn_stop_risksched085to09_lr1e4_entropy005_s4_c1_rnetol_d256_depth3_p20_bs200,seed133,133,138,27600,200,16,109.40302708690832,130.3600644662116,103.34408532050973,False,max_epochs,1061.7628309726715
rl4crn_rne_oscillator_trace_8rxn_stop_risksched085to09_lr1e4_entropy005_s4_c1_rnetol_d256_depth3_p20_bs200,seed133,133,139,27800,200,16,109.33539152226618,129.85595356744926,103.34408532050973,False,max_epochs,1069.726933479309
rl4crn_rne_oscillator_trace_8rxn_stop_risksched085to09_lr1e4_entropy005_s4_c1_rnetol_d256_depth3_p20_bs200,seed133,133,140,28000,200,16,107.49190218946386,130.88351208503315,103.34408532050973,False,max_epochs,1074.7099924087524
rl4crn_rne_oscillator_trace_8rxn_stop_risksched085to09_lr1e4_entropy005_s4_c1_rnetol_d256_depth3_p20_bs200,seed133,133,141,28200,200,16,104.59202608626725,129.7304397233342,103.34408532050973,False,max_epochs,1079.7898800373077
rl4crn_rne_oscillator_trace_8rxn_stop_risksched085to09_lr1e4_entropy005_s4_c1_rnetol_d256_depth3_p20_bs200,seed133,133,142,28400,200,16,103.8904787592383,128.30179437938224,103.34408532050973,False,max_epochs,1088.3042352199554
rl4crn_rne_oscillator_trace_8rxn_stop_risksched085to09_lr1e4_entropy005_s4_c1_rnetol_d256_depth3_p20_bs200,seed133,133,143,28600,200,16,109.41594832535598,126.96690156104141,103.34408532050973,False,max_epochs,1096.301227092743
rl4crn_rne_oscillator_trace_8rxn_stop_risksched085to09_lr1e4_entropy005_s4_c1_rnetol_d256_depth3_p20_bs200,seed133,133,144,28800,200,16,109.27577691008393,127.31730484716661,103.34408532050973,False,max_epochs,1104.8160002231598
rl4crn_rne_oscillator_trace_8rxn_stop_risksched085to09_lr1e4_entropy005_s4_c1_rnetol_d256_depth3_p20_bs200,seed133,133,145,29000,200,16,102.41671242551887,127.30245509917513,102.41671242551887,False,max_epochs,1113.5834894180298
rl4crn_rne_oscillator_trace_8rxn_stop_risksched085to09_lr1e4_entropy005_s4_c1_rnetol_d256_depth3_p20_bs200,seed133,133,146,29200,200,16,104.68222920573596,130.64949810748837,102.41671242551887,False,max_epochs,1121.6115281581879
rl4crn_rne_oscillator_trace_8rxn_stop_risksched085to09_lr1e4_entropy005_s4_c1_rnetol_d256_depth3_p20_bs200,seed133,133,147,29400,200,16,104.36096781017395,130.26644470157342,102.41671242551887,False,max_epochs,1129.9125068187714
rl4crn_rne_oscillator_trace_8rxn_stop_risksched085to09_lr1e4_entropy005_s4_c1_rnetol_d256_depth3_p20_bs200,seed133,133,148,29600,200,16,105.23770092447027,131.818535386752,102.41671242551887,False,max_epochs,1137.9830601215363
rl4crn_rne_oscillator_trace_8rxn_stop_risksched085to09_lr1e4_entropy005_s4_c1_rnetol_d256_depth3_p20_bs200,seed133,133,149,29800,200,16,111.30466035716951,132.7894272507163,102.41671242551887,False,max_epochs,1145.8576641082764
rl4crn_rne_oscillator_trace_8rxn_stop_risksched085to09_lr1e4_entropy005_s4_c1_rnetol_d256_depth3_p20_bs200,seed133,133,150,30000,200,16,102.50481556973739,131.57814277606968,102.41671242551887,False,max_epochs,1153.842663526535
rl4crn_rne_oscillator_trace_8rxn_stop_risksched085to09_lr1e4_entropy005_s4_c1_rnetol_d256_depth3_p20_bs200,seed133,133,151,30200,200,16,102.86505924105988,128.12839926620592,102.41671242551887,False,max_epochs,1160.9880244731903
rl4crn_rne_oscillator_trace_8rxn_stop_risksched085to09_lr1e4_entropy005_s4_c1_rnetol_d256_depth3_p20_bs200,seed133,133,152,30400,200,16,106.60909995854894,129.7334197773373,102.41671242551887,False,max_epochs,1164.0897212028503
rl4crn_rne_oscillator_trace_8rxn_stop_risksched085to09_lr1e4_entropy005_s4_c1_rnetol_d256_depth3_p20_bs200,seed133,133,153,30600,200,16,105.24704815707304,128.55959413187608,102.41671242551887,False,max_epochs,1172.1982486248016
rl4crn_rne_oscillator_trace_8rxn_stop_risksched085to09_lr1e4_entropy005_s4_c1_rnetol_d256_depth3_p20_bs200,seed133,133,154,30800,200,16,102.79349989147148,128.54553870270973,102.41671242551887,False,max_epochs,1180.0628337860107
rl4crn_rne_oscillator_trace_8rxn_stop_risksched085to09_lr1e4_entropy005_s4_c1_rnetol_d256_depth3_p20_bs200,seed133,133,155,31000,200,16,103.63968014454937,129.76015400754034,102.41671242551887,False,max_epochs,1188.323305606842
rl4crn_rne_oscillator_trace_8rxn_stop_risksched085to09_lr1e4_entropy005_s4_c1_rnetol_d256_depth3_p20_bs200,seed133,133,156,31200,200,16,102.49240582309473,126.23281258575827,102.41671242551887,False,max_epochs,1196.3286561965942
rl4crn_rne_oscillator_trace_8rxn_stop_risksched085to09_lr1e4_entropy005_s4_c1_rnetol_d256_depth3_p20_bs200,seed133,133,157,31400,200,16,104.54293806395881,125.95448331667421,102.41671242551887,False,max_epochs,1204.4316880702972
rl4crn_rne_oscillator_trace_8rxn_stop_risksched085to09_lr1e4_entropy005_s4_c1_rnetol_d256_depth3_p20_bs200,seed133,133,158,31600,200,16,100.72986989271385,125.54653794712209,100.72986989271385,False,max_epochs,1212.273491859436
rl4crn_rne_oscillator_trace_8rxn_stop_risksched085to09_lr1e4_entropy005_s4_c1_rnetol_d256_depth3_p20_bs200,seed133,133,159,31800,200,16,104.76356455386538,127.19636608171521,100.72986989271385,False,max_epochs,1219.914006948471
rl4crn_rne_oscillator_trace_8rxn_stop_risksched085to09_lr1e4_entropy005_s4_c1_rnetol_d256_depth3_p20_bs200,seed133,133,160,32000,200,16,103.04185660065113,129.57495924684747,100.72986989271385,False,max_epochs,1222.8521127700806
rl4crn_rne_oscillator_trace_8rxn_stop_risksched085to09_lr1e4_entropy005_s4_c1_rnetol_d256_depth3_p20_bs200,seed133,133,161,32200,200,16,102.62650677857775,125.23611808962082,100.72986989271385,False,max_epochs,1230.7155520915985
rl4crn_rne_oscillator_trace_8rxn_stop_risksched085to09_lr1e4_entropy005_s4_c1_rnetol_d256_depth3_p20_bs200,seed133,133,162,32400,200,16,102.77721019647984,125.18717263475389,100.72986989271385,False,max_epochs,1239.0351445674896
rl4crn_rne_oscillator_trace_8rxn_stop_risksched085to09_lr1e4_entropy005_s4_c1_rnetol_d256_depth3_p20_bs200,seed133,133,163,32600,200,16,105.409274259012,128.50267387079685,100.72986989271385,False,max_epochs,1247.105803489685
rl4crn_rne_oscillator_trace_8rxn_stop_risksched085to09_lr1e4_entropy005_s4_c1_rnetol_d256_depth3_p20_bs200,seed133,133,164,32800,200,16,101.53073916249113,126.2944743947497,100.72986989271385,False,max_epochs,1255.3351790904999
rl4crn_rne_oscillator_trace_8rxn_stop_risksched085to09_lr1e4_entropy005_s4_c1_rnetol_d256_depth3_p20_bs200,seed133,133,165,33000,200,16,101.63163148191701,126.0413104591923,100.72986989271385,False,max_epochs,1264.2093887329102
rl4crn_rne_oscillator_trace_8rxn_stop_risksched085to09_lr1e4_entropy005_s4_c1_rnetol_d256_depth3_p20_bs200,seed133,133,166,33200,200,16,101.62914099797781,126.73305529701335,100.72986989271385,False,max_epochs,1271.9118785858154
rl4crn_rne_oscillator_trace_8rxn_stop_risksched085to09_lr1e4_entropy005_s4_c1_rnetol_d256_depth3_p20_bs200,seed133,133,167,33400,200,16,101.96220434471047,124.0045519467802,100.72986989271385,False,max_epochs,1280.165629863739
rl4crn_rne_oscillator_trace_8rxn_stop_risksched085to09_lr1e4_entropy005_s4_c1_rnetol_d256_depth3_p20_bs200,seed133,133,168,33600,200,16,101.28983411711302,123.9667209190028,100.72986989271385,False,max_epochs,1284.2764010429382
rl4crn_rne_oscillator_trace_8rxn_stop_risksched085to09_lr1e4_entropy005_s4_c1_rnetol_d256_depth3_p20_bs200,seed133,133,169,33800,200,16,103.03247471088098,124.4146536653397,100.72986989271385,False,max_epochs,1290.1926312446594
rl4crn_rne_oscillator_trace_8rxn_stop_risksched085to09_lr1e4_entropy005_s4_c1_rnetol_d256_depth3_p20_bs200,seed133,133,170,34000,200,16,102.77283537246805,122.2735346772735,100.72986989271385,False,max_epochs,1298.3709313869476
rl4crn_rne_oscillator_trace_8rxn_stop_risksched085to09_lr1e4_entropy005_s4_c1_rnetol_d256_depth3_p20_bs200,seed133,133,171,34200,200,16,102.54886299731659,126.36969749867708,100.72986989271385,False,max_epochs,1307.028953552246
rl4crn_rne_oscillator_trace_8rxn_stop_risksched085to09_lr1e4_entropy005_s4_c1_rnetol_d256_depth3_p20_bs200,seed133,133,172,34400,200,16,103.1565493001072,126.19805687125128,100.72986989271385,False,max_epochs,1315.712905406952
rl4crn_rne_oscillator_trace_8rxn_stop_risksched085to09_lr1e4_entropy005_s4_c1_rnetol_d256_depth3_p20_bs200,seed133,133,173,34600,200,16,101.81198651089947,122.69707800631906,100.72986989271385,False,max_epochs,1323.9184231758118
rl4crn_rne_oscillator_trace_8rxn_stop_risksched085to09_lr1e4_entropy005_s4_c1_rnetol_d256_depth3_p20_bs200,seed133,133,174,34800,200,16,102.65354878185937,120.12387850732156,100.72986989271385,False,max_epochs,1332.0582556724548
rl4crn_rne_oscillator_trace_8rxn_stop_risksched085to09_lr1e4_entropy005_s4_c1_rnetol_d256_depth3_p20_bs200,seed133,133,175,35000,200,16,102.91643481952175,118.37247546273319,100.72986989271385,False,max_epochs,1340.1673481464386
rl4crn_rne_oscillator_trace_8rxn_stop_risksched085to09_lr1e4_entropy005_s4_c1_rnetol_d256_depth3_p20_bs200,seed133,133,176,35200,200,16,103.38448317355088,123.16962399712412,100.72986989271385,False,max_epochs,1348.2134883403778
rl4crn_rne_oscillator_trace_8rxn_stop_risksched085to09_lr1e4_entropy005_s4_c1_rnetol_d256_depth3_p20_bs200,seed133,133,177,35400,200,16,102.90139284115898,120.32945101453728,100.72986989271385,False,max_epochs,1356.3183994293213
rl4crn_rne_oscillator_trace_8rxn_stop_risksched085to09_lr1e4_entropy005_s4_c1_rnetol_d256_depth3_p20_bs200,seed133,133,178,35600,200,16,102.02899703710357,119.55282052356523,100.72986989271385,False,max_epochs,1364.0658950805664
rl4crn_rne_oscillator_trace_8rxn_stop_risksched085to09_lr1e4_entropy005_s4_c1_rnetol_d256_depth3_p20_bs200,seed133,133,179,35800,200,16,101.7089869098032,122.25631582932516,100.72986989271385,False,max_epochs,1366.7237303256989
rl4crn_rne_oscillator_trace_8rxn_stop_risksched085to09_lr1e4_entropy005_s4_c1_rnetol_d256_depth3_p20_bs200,seed133,133,180,36000,200,16,102.31174027032905,122.59243212486011,100.72986989271385,False,max_epochs,1374.5874860286713
rl4crn_rne_oscillator_trace_8rxn_stop_risksched085to09_lr1e4_entropy005_s4_c1_rnetol_d256_depth3_p20_bs200,seed133,133,181,36200,200,16,101.02767239232816,119.75991124757718,100.72986989271385,False,max_epochs,1382.878853559494
rl4crn_rne_oscillator_trace_8rxn_stop_risksched085to09_lr1e4_entropy005_s4_c1_rnetol_d256_depth3_p20_bs200,seed133,133,182,36400,200,16,100.36135849286111,117.2340161950886,100.36135849286111,False,max_epochs,1391.2602467536926
rl4crn_rne_oscillator_trace_8rxn_stop_risksched085to09_lr1e4_entropy005_s4_c1_rnetol_d256_depth3_p20_bs200,seed133,133,183,36600,200,16,102.37471800940061,115.34605510056718,100.36135849286111,False,max_epochs,1399.6711978912354
rl4crn_rne_oscillator_trace_8rxn_stop_risksched085to09_lr1e4_entropy005_s4_c1_rnetol_d256_depth3_p20_bs200,seed133,133,184,36800,200,16,101.49559143770267,116.63705927248003,100.36135849286111,False,max_epochs,1407.9590849876404
rl4crn_rne_oscillator_trace_8rxn_stop_risksched085to09_lr1e4_entropy005_s4_c1_rnetol_d256_depth3_p20_bs200,seed133,133,185,37000,200,16,102.22526663844346,121.20429113081592,100.36135849286111,False,max_epochs,1416.292899608612
rl4crn_rne_oscillator_trace_8rxn_stop_risksched085to09_lr1e4_entropy005_s4_c1_rnetol_d256_depth3_p20_bs200,seed133,133,186,37200,200,16,101.07697252919232,118.88042644936078,100.36135849286111,False,max_epochs,1424.4348216056824
rl4crn_rne_oscillator_trace_8rxn_stop_risksched085to09_lr1e4_entropy005_s4_c1_rnetol_d256_depth3_p20_bs200,seed133,133,187,37400,200,16,101.27651467238391,121.74067646599455,100.36135849286111,False,max_epochs,1432.4077124595642
rl4crn_rne_oscillator_trace_8rxn_stop_risksched085to09_lr1e4_entropy005_s4_c1_rnetol_d256_depth3_p20_bs200,seed133,133,188,37600,200,16,102.43492685033428,119.44245057873619,100.36135849286111,False,max_epochs,1440.6251742839813
rl4crn_rne_oscillator_trace_8rxn_stop_risksched085to09_lr1e4_entropy005_s4_c1_rnetol_d256_depth3_p20_bs200,seed133,133,189,37800,200,16,101.90254357143543,115.10554715435032,100.36135849286111,False,max_epochs,1448.6550941467285
rl4crn_rne_oscillator_trace_8rxn_stop_risksched085to09_lr1e4_entropy005_s4_c1_rnetol_d256_depth3_p20_bs200,seed133,133,190,38000,200,16,102.34096401683028,115.96831633251676,100.36135849286111,False,max_epochs,1456.5026080608368
rl4crn_rne_oscillator_trace_8rxn_stop_risksched085to09_lr1e4_entropy005_s4_c1_rnetol_d256_depth3_p20_bs200,seed133,133,191,38200,200,16,100.84403648532997,115.43357203965881,100.36135849286111,False,max_epochs,1459.325707435608
rl4crn_rne_oscillator_trace_8rxn_stop_risksched085to09_lr1e4_entropy005_s4_c1_rnetol_d256_depth3_p20_bs200,seed133,133,192,38400,200,16,101.72496648714608,114.05259666372551,100.36135849286111,False,max_epochs,1467.1391007900238
rl4crn_rne_oscillator_trace_8rxn_stop_risksched085to09_lr1e4_entropy005_s4_c1_rnetol_d256_depth3_p20_bs200,seed133,133,193,38600,200,16,100.80349229905065,115.86121664381163,100.36135849286111,False,max_epochs,1475.4144015312195
rl4crn_rne_oscillator_trace_8rxn_stop_risksched085to09_lr1e4_entropy005_s4_c1_rnetol_d256_depth3_p20_bs200,seed133,133,194,38800,200,16,101.01072270085167,114.01450412783781,100.36135849286111,False,max_epochs,1483.8194417953491
rl4crn_rne_oscillator_trace_8rxn_stop_risksched085to09_lr1e4_entropy005_s4_c1_rnetol_d256_depth3_p20_bs200,seed133,133,195,39000,200,16,101.04711603348404,112.69291595715399,100.36135849286111,False,max_epochs,1492.365561246872
rl4crn_rne_oscillator_trace_8rxn_stop_risksched085to09_lr1e4_entropy005_s4_c1_rnetol_d256_depth3_p20_bs200,seed133,133,196,39200,200,16,101.07958340939075,114.01678715414782,100.36135849286111,False,max_epochs,1501.0064437389374
rl4crn_rne_oscillator_trace_8rxn_stop_risksched085to09_lr1e4_entropy005_s4_c1_rnetol_d256_depth3_p20_bs200,seed133,133,197,39400,200,16,100.37064703914211,115.43559173184892,100.36135849286111,False,max_epochs,1509.3814446926117
rl4crn_rne_oscillator_trace_8rxn_stop_risksched085to09_lr1e4_entropy005_s4_c1_rnetol_d256_depth3_p20_bs200,seed133,133,198,39600,200,16,100.65485092795812,115.62801039954216,100.36135849286111,False,max_epochs,1517.7747585773468
rl4crn_rne_oscillator_trace_8rxn_stop_risksched085to09_lr1e4_entropy005_s4_c1_rnetol_d256_depth3_p20_bs200,seed133,133,199,39800,200,16,102.49294814718563,120.17321801203627,100.36135849286111,False,max_epochs,1525.7865850925446
rl4crn_rne_oscillator_trace_8rxn_stop_risksched085to09_lr1e4_entropy005_s4_c1_rnetol_d256_depth3_p20_bs200,seed133,133,200,40000,200,16,100.94584095011471,120.19482250491802,100.36135849286111,False,max_epochs,1533.7615058422089
rl4crn_rne_oscillator_trace_8rxn_stop_risksched085to09_lr1e4_entropy005_s4_c1_rnetol_d256_depth3_p20_bs200,seed133,133,201,40200,200,16,100.76492603242042,116.71806045134568,100.36135849286111,False,max_epochs,1541.7945349216461
rl4crn_rne_oscillator_trace_8rxn_stop_risksched085to09_lr1e4_entropy005_s4_c1_rnetol_d256_depth3_p20_bs200,seed133,133,202,40400,200,16,100.60268344943243,114.35880277407705,100.36135849286111,False,max_epochs,1549.6505818367004
rl4crn_rne_oscillator_trace_8rxn_stop_risksched085to09_lr1e4_entropy005_s4_c1_rnetol_d256_depth3_p20_bs200,seed133,133,203,40600,200,16,100.37959071824966,110.58208252261227,100.36135849286111,False,max_epochs,1552.4621102809906
rl4crn_rne_oscillator_trace_8rxn_stop_risksched085to09_lr1e4_entropy005_s4_c1_rnetol_d256_depth3_p20_bs200,seed133,133,204,40800,200,16,100.79743750603807,110.40291921634359,100.36135849286111,False,max_epochs,1559.9562544822693
rl4crn_rne_oscillator_trace_8rxn_stop_risksched085to09_lr1e4_entropy005_s4_c1_rnetol_d256_depth3_p20_bs200,seed133,133,205,41000,200,16,100.58582415546523,112.22722530505018,100.36135849286111,False,max_epochs,1568.316175699234
rl4crn_rne_oscillator_trace_8rxn_stop_risksched085to09_lr1e4_entropy005_s4_c1_rnetol_d256_depth3_p20_bs200,seed133,133,206,41200,200,16,101.6095230797512,114.8064580799494,100.36135849286111,False,max_epochs,1576.9755284786224
rl4crn_rne_oscillator_trace_8rxn_stop_risksched085to09_lr1e4_entropy005_s4_c1_rnetol_d256_depth3_p20_bs200,seed133,133,207,41400,200,16,100.84187058833858,119.38339979062685,100.36135849286111,False,max_epochs,1584.9218616485596
rl4crn_rne_oscillator_trace_8rxn_stop_risksched085to09_lr1e4_entropy005_s4_c1_rnetol_d256_depth3_p20_bs200,seed133,133,208,41600,200,16,100.56257071539534,116.43560614516186,100.36135849286111,False,max_epochs,1593.1028504371643
rl4crn_rne_oscillator_trace_8rxn_stop_risksched085to09_lr1e4_entropy005_s4_c1_rnetol_d256_depth3_p20_bs200,seed133,133,209,41800,200,16,101.3858107889659,117.6801981594909,100.36135849286111,False,max_epochs,1601.3627417087555
rl4crn_rne_oscillator_trace_8rxn_stop_risksched085to09_lr1e4_entropy005_s4_c1_rnetol_d256_depth3_p20_bs200,seed133,133,210,42000,200,16,100.8956841655597,117.11678342022252,100.36135849286111,False,max_epochs,1609.0441045761108
rl4crn_rne_oscillator_trace_8rxn_stop_risksched085to09_lr1e4_entropy005_s4_c1_rnetol_d256_depth3_p20_bs200,seed133,133,211,42200,200,16,100.81688114276413,116.72139484471505,100.36135849286111,False,max_epochs,1613.8873636722565
rl4crn_rne_oscillator_trace_8rxn_stop_risksched085to09_lr1e4_entropy005_s4_c1_rnetol_d256_depth3_p20_bs200,seed133,133,212,42400,200,16,102.33664696302864,119.6529654203635,100.36135849286111,False,max_epochs,1619.614424943924
rl4crn_rne_oscillator_trace_8rxn_stop_risksched085to09_lr1e4_entropy005_s4_c1_rnetol_d256_depth3_p20_bs200,seed133,133,213,42600,200,16,101.13475848861731,116.70648072301975,100.36135849286111,False,max_epochs,1628.021704673767
rl4crn_rne_oscillator_trace_8rxn_stop_risksched085to09_lr1e4_entropy005_s4_c1_rnetol_d256_depth3_p20_bs200,seed133,133,214,42800,200,16,100.58969311897359,114.72218624173145,100.36135849286111,False,max_epochs,1636.3477456569672
rl4crn_rne_oscillator_trace_8rxn_stop_risksched085to09_lr1e4_entropy005_s4_c1_rnetol_d256_depth3_p20_bs200,seed133,133,215,43000,200,16,101.42891674925971,111.26509551663248,100.36135849286111,False,max_epochs,1644.6154935359955
rl4crn_rne_oscillator_trace_8rxn_stop_risksched085to09_lr1e4_entropy005_s4_c1_rnetol_d256_depth3_p20_bs200,seed133,133,216,43200,200,16,101.14786355201525,112.08869582189666,100.36135849286111,False,max_epochs,1653.1553628444672
rl4crn_rne_oscillator_trace_8rxn_stop_risksched085to09_lr1e4_entropy005_s4_c1_rnetol_d256_depth3_p20_bs200,seed133,133,217,43400,200,16,100.34219377359275,110.96295630910319,100.34219377359275,False,max_epochs,1661.6875247955322
rl4crn_rne_oscillator_trace_8rxn_stop_risksched085to09_lr1e4_entropy005_s4_c1_rnetol_d256_depth3_p20_bs200,seed133,133,218,43600,200,16,100.42265296961014,110.09798258822991,100.34219377359275,False,max_epochs,1670.2344303131104
rl4crn_rne_oscillator_trace_8rxn_stop_risksched085to09_lr1e4_entropy005_s4_c1_rnetol_d256_depth3_p20_bs200,seed133,133,219,43800,200,16,101.3447470674042,112.26688239410689,100.34219377359275,False,max_epochs,1678.4234721660614
rl4crn_rne_oscillator_trace_8rxn_stop_risksched085to09_lr1e4_entropy005_s4_c1_rnetol_d256_depth3_p20_bs200,seed133,133,220,44000,200,16,100.59706935496189,110.44922027639348,100.34219377359275,False,max_epochs,1686.3419070243835
rl4crn_rne_oscillator_trace_8rxn_stop_risksched085to09_lr1e4_entropy005_s4_c1_rnetol_d256_depth3_p20_bs200,seed133,133,221,44200,200,16,101.09325325402764,110.15484487661723,100.34219377359275,False,max_epochs,1694.4780442714691
rl4crn_rne_oscillator_trace_8rxn_stop_risksched085to09_lr1e4_entropy005_s4_c1_rnetol_d256_depth3_p20_bs200,seed133,133,222,44400,200,16,100.68045069415425,109.37134393440789,100.34219377359275,False,max_epochs,1701.9141471385956
rl4crn_rne_oscillator_trace_8rxn_stop_risksched085to09_lr1e4_entropy005_s4_c1_rnetol_d256_depth3_p20_bs200,seed133,133,223,44600,200,16,100.43101873183207,109.07702626019224,100.34219377359275,False,max_epochs,1704.8948771953583
rl4crn_rne_oscillator_trace_8rxn_stop_risksched085to09_lr1e4_entropy005_s4_c1_rnetol_d256_depth3_p20_bs200,seed133,133,224,44800,200,16,100.59596530386135,108.94757733379626,100.34219377359275,False,max_epochs,1713.0345706939697
rl4crn_rne_oscillator_trace_8rxn_stop_risksched085to09_lr1e4_entropy005_s4_c1_rnetol_d256_depth3_p20_bs200,seed133,133,225,45000,200,16,100.72282495365698,108.16438158196867,100.34219377359275,False,max_epochs,1721.5349864959717
rl4crn_rne_oscillator_trace_8rxn_stop_risksched085to09_lr1e4_entropy005_s4_c1_rnetol_d256_depth3_p20_bs200,seed133,133,226,45200,200,16,100.4073111901891,108.23648970936256,100.34219377359275,False,max_epochs,1729.8707494735718
rl4crn_rne_oscillator_trace_8rxn_stop_risksched085to09_lr1e4_entropy005_s4_c1_rnetol_d256_depth3_p20_bs200,seed133,133,227,45400,200,16,100.70397669358047,109.11310294130286,100.34219377359275,False,max_epochs,1738.251276254654
rl4crn_rne_oscillator_trace_8rxn_stop_risksched085to09_lr1e4_entropy005_s4_c1_rnetol_d256_depth3_p20_bs200,seed133,133,228,45600,200,16,100.35188457261118,110.51804845575018,100.34219377359275,False,max_epochs,1746.1914410591125
rl4crn_rne_oscillator_trace_8rxn_stop_risksched085to09_lr1e4_entropy005_s4_c1_rnetol_d256_depth3_p20_bs200,seed133,133,229,45800,200,16,100.84002360660551,111.83789419037713,100.34219377359275,False,max_epochs,1754.2428996562958
rl4crn_rne_oscillator_trace_8rxn_stop_risksched085to09_lr1e4_entropy005_s4_c1_rnetol_d256_depth3_p20_bs200,seed133,133,230,46000,200,16,100.82737371856378,112.20066941533159,100.34219377359275,False,max_epochs,1762.2177839279175
rl4crn_rne_oscillator_trace_8rxn_stop_risksched085to09_lr1e4_entropy005_s4_c1_rnetol_d256_depth3_p20_bs200,seed133,133,231,46200,200,16,100.5778268771557,111.19866124021428,100.34219377359275,False,max_epochs,1765.33069896698
rl4crn_rne_oscillator_trace_8rxn_stop_risksched085to09_lr1e4_entropy005_s4_c1_rnetol_d256_depth3_p20_bs200,seed133,133,232,46400,200,16,101.29502628445269,109.41492050924694,100.34219377359275,False,max_epochs,1772.3638310432434
rl4crn_rne_oscillator_trace_8rxn_stop_risksched085to09_lr1e4_entropy005_s4_c1_rnetol_d256_depth3_p20_bs200,seed133,133,233,46600,200,16,100.5577874696554,108.88059182060913,100.34219377359275,False,max_epochs,1780.5457003116608
rl4crn_rne_oscillator_trace_8rxn_stop_risksched085to09_lr1e4_entropy005_s4_c1_rnetol_d256_depth3_p20_bs200,seed133,133,234,46800,200,16,100.23859334800152,108.52786884971323,100.23859334800152,False,max_epochs,1789.017856836319
rl4crn_rne_oscillator_trace_8rxn_stop_risksched085to09_lr1e4_entropy005_s4_c1_rnetol_d256_depth3_p20_bs200,seed133,133,235,47000,200,16,100.55621029140403,108.1732901138061,100.23859334800152,False,max_epochs,1797.4086544513702
rl4crn_rne_oscillator_trace_8rxn_stop_risksched085to09_lr1e4_entropy005_s4_c1_rnetol_d256_depth3_p20_bs200,seed133,133,236,47200,200,16,100.47384962411714,109.92464390089117,100.23859334800152,False,max_epochs,1805.2166497707367
rl4crn_rne_oscillator_trace_8rxn_stop_risksched085to09_lr1e4_entropy005_s4_c1_rnetol_d256_depth3_p20_bs200,seed133,133,237,47400,200,16,100.4279371076344,106.89747393518758,100.23859334800152,False,max_epochs,1813.1728756427765
rl4crn_rne_oscillator_trace_8rxn_stop_risksched085to09_lr1e4_entropy005_s4_c1_rnetol_d256_depth3_p20_bs200,seed133,133,238,47600,200,16,100.73676334418943,107.03949016646337,100.23859334800152,False,max_epochs,1820.7083513736725
rl4crn_rne_oscillator_trace_8rxn_stop_risksched085to09_lr1e4_entropy005_s4_c1_rnetol_d256_depth3_p20_bs200,seed133,133,239,47800,200,16,100.49377659583627,106.96655376462238,100.23859334800152,False,max_epochs,1823.6763458251953
rl4crn_rne_oscillator_trace_8rxn_stop_risksched085to09_lr1e4_entropy005_s4_c1_rnetol_d256_depth3_p20_bs200,seed133,133,240,48000,200,16,100.45493212298786,107.29068950064695,100.23859334800152,False,max_epochs,1831.5297856330872
rl4crn_rne_oscillator_trace_8rxn_stop_risksched085to09_lr1e4_entropy005_s4_c1_rnetol_d256_depth3_p20_bs200,seed133,133,241,48200,200,16,100.3959204200454,106.67252388086159,100.23859334800152,False,max_epochs,1840.081931591034
rl4crn_rne_oscillator_trace_8rxn_stop_risksched085to09_lr1e4_entropy005_s4_c1_rnetol_d256_depth3_p20_bs200,seed133,133,242,48400,200,16,100.17731035605,108.51293884682218,100.17731035605,False,max_epochs,1848.536200761795
rl4crn_rne_oscillator_trace_8rxn_stop_risksched085to09_lr1e4_entropy005_s4_c1_rnetol_d256_depth3_p20_bs200,seed133,133,243,48600,200,16,100.54238377629541,107.54622238984294,100.17731035605,False,max_epochs,1857.037475347519
rl4crn_rne_oscillator_trace_8rxn_stop_risksched085to09_lr1e4_entropy005_s4_c1_rnetol_d256_depth3_p20_bs200,seed133,133,244,48800,200,16,100.9109381787167,109.09159937435822,100.17731035605,False,max_epochs,1865.4826073646545
rl4crn_rne_oscillator_trace_8rxn_stop_risksched085to09_lr1e4_entropy005_s4_c1_rnetol_d256_depth3_p20_bs200,seed133,133,245,49000,200,16,101.42306981528785,108.23799197404702,100.17731035605,False,max_epochs,1874.1748287677765
rl4crn_rne_oscillator_trace_8rxn_stop_risksched085to09_lr1e4_entropy005_s4_c1_rnetol_d256_depth3_p20_bs200,seed133,133,246,49200,200,16,100.58417247559449,107.45434388141658,100.17731035605,False,max_epochs,1882.6536774635315
rl4crn_rne_oscillator_trace_8rxn_stop_risksched085to09_lr1e4_entropy005_s4_c1_rnetol_d256_depth3_p20_bs200,seed133,133,247,49400,200,16,100.70860449052455,109.1017229682572,100.17731035605,False,max_epochs,1891.1145358085632
rl4crn_rne_oscillator_trace_8rxn_stop_risksched085to09_lr1e4_entropy005_s4_c1_rnetol_d256_depth3_p20_bs200,seed133,133,248,49600,200,16,101.2056834460369,109.90710169049534,100.17731035605,False,max_epochs,1899.4546916484833
rl4crn_rne_oscillator_trace_8rxn_stop_risksched085to09_lr1e4_entropy005_s4_c1_rnetol_d256_depth3_p20_bs200,seed133,133,249,49800,200,16,100.6657196341983,109.42871185696167,100.17731035605,False,max_epochs,1907.4644911289215
rl4crn_rne_oscillator_trace_8rxn_stop_risksched085to09_lr1e4_entropy005_s4_c1_rnetol_d256_depth3_p20_bs200,seed133,133,250,50000,200,16,101.24329621296404,109.89574917216892,100.17731035605,False,max_epochs,1915.6337192058563
rl4crn_rne_oscillator_trace_8rxn_stop_risksched085to09_lr1e4_entropy005_s4_c1_rnetol_d256_depth3_p20_bs200,seed133,133,251,50200,200,16,100.51495971285499,110.85515395773609,100.17731035605,False,max_epochs,1923.654898405075
rl4crn_rne_oscillator_trace_8rxn_stop_risksched085to09_lr1e4_entropy005_s4_c1_rnetol_d256_depth3_p20_bs200,seed133,133,252,50400,200,16,100.83510672357193,110.64357995068241,100.17731035605,False,max_epochs,1931.7025876045227
rl4crn_rne_oscillator_trace_8rxn_stop_risksched085to09_lr1e4_entropy005_s4_c1_rnetol_d256_depth3_p20_bs200,seed133,133,253,50600,200,16,100.85233271721079,107.99331615529395,100.17731035605,False,max_epochs,1939.5870351791382
rl4crn_rne_oscillator_trace_8rxn_stop_risksched085to09_lr1e4_entropy005_s4_c1_rnetol_d256_depth3_p20_bs200,seed133,133,254,50800,200,16,100.49289953814012,108.57823625185475,100.17731035605,False,max_epochs,1944.4459955692291
rl4crn_rne_oscillator_trace_8rxn_stop_risksched085to09_lr1e4_entropy005_s4_c1_rnetol_d256_depth3_p20_bs200,seed133,133,255,51000,200,16,100.22854425204407,107.37825510817648,100.17731035605,False,max_epochs,1950.182228565216
rl4crn_rne_oscillator_trace_8rxn_stop_risksched085to09_lr1e4_entropy005_s4_c1_rnetol_d256_depth3_p20_bs200,seed133,133,256,51200,200,16,100.33123602681849,107.95255165403168,100.17731035605,False,max_epochs,1958.1870620250702
rl4crn_rne_oscillator_trace_8rxn_stop_risksched085to09_lr1e4_entropy005_s4_c1_rnetol_d256_depth3_p20_bs200,seed133,133,257,51400,200,16,101.19300984502868,107.83348236165386,100.17731035605,False,max_epochs,1966.5727591514587
rl4crn_rne_oscillator_trace_8rxn_stop_risksched085to09_lr1e4_entropy005_s4_c1_rnetol_d256_depth3_p20_bs200,seed133,133,258,51600,200,16,100.64473877544653,107.61884846179996,100.17731035605,False,max_epochs,1975.0153441429138
rl4crn_rne_oscillator_trace_8rxn_stop_risksched085to09_lr1e4_entropy005_s4_c1_rnetol_d256_depth3_p20_bs200,seed133,133,259,51800,200,16,100.87203563262638,109.56897740267074,100.17731035605,False,max_epochs,1983.4872508049011
rl4crn_rne_oscillator_trace_8rxn_stop_risksched085to09_lr1e4_entropy005_s4_c1_rnetol_d256_depth3_p20_bs200,seed133,133,260,52000,200,16,100.93108000750694,109.69457320395489,100.17731035605,False,max_epochs,1991.2154095172882
rl4crn_rne_oscillator_trace_8rxn_stop_risksched085to09_lr1e4_entropy005_s4_c1_rnetol_d256_depth3_p20_bs200,seed133,133,261,52200,200,16,100.64364930776685,109.15164400333003,100.17731035605,False,max_epochs,1999.3931875228882
rl4crn_rne_oscillator_trace_8rxn_stop_risksched085to09_lr1e4_entropy005_s4_c1_rnetol_d256_depth3_p20_bs200,seed133,133,262,52400,200,16,100.11515238104269,106.92633237088563,100.11515238104269,False,max_epochs,2007.3900320529938
rl4crn_rne_oscillator_trace_8rxn_stop_risksched085to09_lr1e4_entropy005_s4_c1_rnetol_d256_depth3_p20_bs200,seed133,133,263,52600,200,16,100.3169914875478,107.99061905270374,100.11515238104269,False,max_epochs,2010.407924413681
rl4crn_rne_oscillator_trace_8rxn_stop_risksched085to09_lr1e4_entropy005_s4_c1_rnetol_d256_depth3_p20_bs200,seed133,133,264,52800,200,16,100.39015602862386,106.64716124700251,100.11515238104269,False,max_epochs,2017.480302810669
rl4crn_rne_oscillator_trace_8rxn_stop_risksched085to09_lr1e4_entropy005_s4_c1_rnetol_d256_depth3_p20_bs200,seed133,133,265,53000,200,16,100.37698773756972,106.19550255199783,100.11515238104269,False,max_epochs,2025.683520078659
rl4crn_rne_oscillator_trace_8rxn_stop_risksched085to09_lr1e4_entropy005_s4_c1_rnetol_d256_depth3_p20_bs200,seed133,133,266,53200,200,16,100.26313794914422,107.56651252790931,100.11515238104269,False,max_epochs,2034.2935326099396
rl4crn_rne_oscillator_trace_8rxn_stop_risksched085to09_lr1e4_entropy005_s4_c1_rnetol_d256_depth3_p20_bs200,seed133,133,267,53400,200,16,100.08943037738513,106.59083266654272,100.08943037738513,False,max_epochs,2041.5643103122711
rl4crn_rne_oscillator_trace_8rxn_stop_risksched085to09_lr1e4_entropy005_s4_c1_rnetol_d256_depth3_p20_bs200,seed133,133,268,53600,200,16,100.53898455796359,105.9425925201107,100.08943037738513,False,max_epochs,2049.3604962825775
rl4crn_rne_oscillator_trace_8rxn_stop_risksched085to09_lr1e4_entropy005_s4_c1_rnetol_d256_depth3_p20_bs200,seed133,133,269,53800,200,16,100.46627601773912,106.72131949465462,100.08943037738513,False,max_epochs,2057.07342004776
rl4crn_rne_oscillator_trace_8rxn_stop_risksched085to09_lr1e4_entropy005_s4_c1_rnetol_d256_depth3_p20_bs200,seed133,133,270,54000,200,16,100.27034393924619,106.70417549445085,100.08943037738513,False,max_epochs,2059.9837551116943
rl4crn_rne_oscillator_trace_8rxn_stop_risksched085to09_lr1e4_entropy005_s4_c1_rnetol_d256_depth3_p20_bs200,seed133,133,271,54200,200,16,100.20242051964796,106.14620098889529,100.08943037738513,False,max_epochs,2067.663991689682
rl4crn_rne_oscillator_trace_8rxn_stop_risksched085to09_lr1e4_entropy005_s4_c1_rnetol_d256_depth3_p20_bs200,seed133,133,272,54400,200,16,100.94436580127793,106.5333099808235,100.08943037738513,False,max_epochs,2075.979873418808
rl4crn_rne_oscillator_trace_8rxn_stop_risksched085to09_lr1e4_entropy005_s4_c1_rnetol_d256_depth3_p20_bs200,seed133,133,273,54600,200,16,100.17953091498022,107.3077426935925,100.08943037738513,False,max_epochs,2084.4146575927734
rl4crn_rne_oscillator_trace_8rxn_stop_risksched085to09_lr1e4_entropy005_s4_c1_rnetol_d256_depth3_p20_bs200,seed133,133,274,54800,200,16,100.41966191313084,104.95622921119649,100.08943037738513,False,max_epochs,2092.6942393779755
rl4crn_rne_oscillator_trace_8rxn_stop_risksched085to09_lr1e4_entropy005_s4_c1_rnetol_d256_depth3_p20_bs200,seed133,133,275,55000,200,16,100.60197899109873,106.44472091564708,100.08943037738513,False,max_epochs,2100.887748479843
rl4crn_rne_oscillator_trace_8rxn_stop_risksched085to09_lr1e4_entropy005_s4_c1_rnetol_d256_depth3_p20_bs200,seed133,133,276,55200,200,16,100.66527279302095,106.02584552851846,100.08943037738513,False,max_epochs,2108.9737548828125
rl4crn_rne_oscillator_trace_8rxn_stop_risksched085to09_lr1e4_entropy005_s4_c1_rnetol_d256_depth3_p20_bs200,seed133,133,277,55400,200,16,100.51905951574727,106.90326894483809,100.08943037738513,False,max_epochs,2117.0416207313538
rl4crn_rne_oscillator_trace_8rxn_stop_risksched085to09_lr1e4_entropy005_s4_c1_rnetol_d256_depth3_p20_bs200,seed133,133,278,55600,200,16,100.46549168606053,105.5909524049428,100.08943037738513,False,max_epochs,2125.0269072055817
rl4crn_rne_oscillator_trace_8rxn_stop_risksched085to09_lr1e4_entropy005_s4_c1_rnetol_d256_depth3_p20_bs200,seed133,133,279,55800,200,16,100.32087071602024,106.60073506341136,100.08943037738513,False,max_epochs,2132.1580336093903
rl4crn_rne_oscillator_trace_8rxn_stop_risksched085to09_lr1e4_entropy005_s4_c1_rnetol_d256_depth3_p20_bs200,seed133,133,280,56000,200,16,100.25877593673815,106.38832576460842,100.08943037738513,False,max_epochs,2135.197352409363
rl4crn_rne_oscillator_trace_8rxn_stop_risksched085to09_lr1e4_entropy005_s4_c1_rnetol_d256_depth3_p20_bs200,seed133,133,281,56200,200,16,100.64609719602166,106.72732047813409,100.08943037738513,False,max_epochs,2143.108325958252
rl4crn_rne_oscillator_trace_8rxn_stop_risksched085to09_lr1e4_entropy005_s4_c1_rnetol_d256_depth3_p20_bs200,seed133,133,282,56400,200,16,100.88667848950932,107.50739733268883,100.08943037738513,False,max_epochs,2151.5238382816315
rl4crn_rne_oscillator_trace_8rxn_stop_risksched085to09_lr1e4_entropy005_s4_c1_rnetol_d256_depth3_p20_bs200,seed133,133,283,56600,200,16,100.64090556281765,106.08730750272116,100.08943037738513,False,max_epochs,2159.53462100029
rl4crn_rne_oscillator_trace_8rxn_stop_risksched085to09_lr1e4_entropy005_s4_c1_rnetol_d256_depth3_p20_bs200,seed133,133,284,56800,200,16,100.2530338199305,107.43826528260632,100.08943037738513,False,max_epochs,2167.476582288742
rl4crn_rne_oscillator_trace_8rxn_stop_risksched085to09_lr1e4_entropy005_s4_c1_rnetol_d256_depth3_p20_bs200,seed133,133,285,57000,200,16,100.75849467523493,107.47675901209115,100.08943037738513,False,max_epochs,2175.4446227550507
rl4crn_rne_oscillator_trace_8rxn_stop_risksched085to09_lr1e4_entropy005_s4_c1_rnetol_d256_depth3_p20_bs200,seed133,133,286,57200,200,16,100.25755064950854,106.66411546910079,100.08943037738513,False,max_epochs,2182.6674070358276
rl4crn_rne_oscillator_trace_8rxn_stop_risksched085to09_lr1e4_entropy005_s4_c1_rnetol_d256_depth3_p20_bs200,seed133,133,287,57400,200,16,100.63893888388932,107.49592305707267,100.08943037738513,False,max_epochs,2185.9846019744873
rl4crn_rne_oscillator_trace_8rxn_stop_risksched085to09_lr1e4_entropy005_s4_c1_rnetol_d256_depth3_p20_bs200,seed133,133,288,57600,200,16,100.44391969246104,105.90280411694968,100.08943037738513,False,max_epochs,2193.9493675231934
rl4crn_rne_oscillator_trace_8rxn_stop_risksched085to09_lr1e4_entropy005_s4_c1_rnetol_d256_depth3_p20_bs200,seed133,133,289,57800,200,16,100.06677468332185,105.58713535123465,100.06677468332185,False,max_epochs,2202.1782398223877
rl4crn_rne_oscillator_trace_8rxn_stop_risksched085to09_lr1e4_entropy005_s4_c1_rnetol_d256_depth3_p20_bs200,seed133,133,290,58000,200,16,100.39979046993375,105.74971090459556,100.06677468332185,False,max_epochs,2210.300882101059
rl4crn_rne_oscillator_trace_8rxn_stop_risksched085to09_lr1e4_entropy005_s4_c1_rnetol_d256_depth3_p20_bs200,seed133,133,291,58200,200,16,100.53403965199732,106.10229158744062,100.06677468332185,False,max_epochs,2218.5044906139374
rl4crn_rne_oscillator_trace_8rxn_stop_risksched085to09_lr1e4_entropy005_s4_c1_rnetol_d256_depth3_p20_bs200,seed133,133,292,58400,200,16,100.36773301165708,105.84215331266924,100.06677468332185,False,max_epochs,2226.4311780929565
rl4crn_rne_oscillator_trace_8rxn_stop_risksched085to09_lr1e4_entropy005_s4_c1_rnetol_d256_depth3_p20_bs200,seed133,133,293,58600,200,16,100.70744342755451,106.87298030756025,100.06677468332185,False,max_epochs,2234.53950047493
rl4crn_rne_oscillator_trace_8rxn_stop_risksched085to09_lr1e4_entropy005_s4_c1_rnetol_d256_depth3_p20_bs200,seed133,133,294,58800,200,16,100.8958369322135,106.74491441887105,100.06677468332185,False,max_epochs,2237.5236093997955
rl4crn_rne_oscillator_trace_8rxn_stop_risksched085to09_lr1e4_entropy005_s4_c1_rnetol_d256_depth3_p20_bs200,seed133,133,295,59000,200,16,100.15801140153602,105.47914409832417,100.06677468332185,False,max_epochs,2244.576898097992
rl4crn_rne_oscillator_trace_8rxn_stop_risksched085to09_lr1e4_entropy005_s4_c1_rnetol_d256_depth3_p20_bs200,seed133,133,296,59200,200,16,100.23982568380139,106.99722154612162,100.06677468332185,False,max_epochs,2253.071713924408
rl4crn_rne_oscillator_trace_8rxn_stop_risksched085to09_lr1e4_entropy005_s4_c1_rnetol_d256_depth3_p20_bs200,seed133,133,297,59400,200,16,100.71427907990558,107.81155949627937,100.06677468332185,False,max_epochs,2261.421575307846
rl4crn_rne_oscillator_trace_8rxn_stop_risksched085to09_lr1e4_entropy005_s4_c1_rnetol_d256_depth3_p20_bs200,seed133,133,298,59600,200,16,100.3902220069652,105.56609741456802,100.06677468332185,False,max_epochs,2269.8172147274017
rl4crn_rne_oscillator_trace_8rxn_stop_risksched085to09_lr1e4_entropy005_s4_c1_rnetol_d256_depth3_p20_bs200,seed133,133,299,59800,200,16,100.53554412926435,107.14102850067329,100.06677468332185,False,max_epochs,2278.388318300247
rl4crn_rne_oscillator_trace_8rxn_stop_risksched085to09_lr1e4_entropy005_s4_c1_rnetol_d256_depth3_p20_bs200,seed133,133,300,60000,200,16,100.6147039267452,107.83201234980888,100.06677468332185,False,max_epochs,2286.478978395462
rl4crn_rne_oscillator_trace_8rxn_stop_risksched085to09_lr1e4_entropy005_s4_c1_rnetol_d256_depth3_p20_bs200,seed133,133,301,60200,200,16,100.41600967125304,106.1369025631411,100.06677468332185,False,max_epochs,2294.3035504817963
rl4crn_rne_oscillator_trace_8rxn_stop_risksched085to09_lr1e4_entropy005_s4_c1_rnetol_d256_depth3_p20_bs200,seed133,133,302,60400,200,16,100.22656722638213,106.56024074405956,100.06677468332185,False,max_epochs,2302.5231144428253
rl4crn_rne_oscillator_trace_8rxn_stop_risksched085to09_lr1e4_entropy005_s4_c1_rnetol_d256_depth3_p20_bs200,seed133,133,303,60600,200,16,100.24955232789573,108.00890836064829,100.06677468332185,False,max_epochs,2310.6598880290985
rl4crn_rne_oscillator_trace_8rxn_stop_risksched085to09_lr1e4_entropy005_s4_c1_rnetol_d256_depth3_p20_bs200,seed133,133,304,60800,200,16,100.55401845137276,107.08038745073006,100.06677468332185,False,max_epochs,2318.7486803531647
rl4crn_rne_oscillator_trace_8rxn_stop_risksched085to09_lr1e4_entropy005_s4_c1_rnetol_d256_depth3_p20_bs200,seed133,133,305,61000,200,16,100.49714826949217,105.66644701367136,100.06677468332185,False,max_epochs,2326.256074666977
rl4crn_rne_oscillator_trace_8rxn_stop_risksched085to09_lr1e4_entropy005_s4_c1_rnetol_d256_depth3_p20_bs200,seed133,133,306,61200,200,16,100.54294815669115,107.17748285407004,100.06677468332185,False,max_epochs,2330.3700325489044
rl4crn_rne_oscillator_trace_8rxn_stop_risksched085to09_lr1e4_entropy005_s4_c1_rnetol_d256_depth3_p20_bs200,seed133,133,307,61400,200,16,100.5452995706629,106.97083443784582,100.06677468332185,False,max_epochs,2337.065988779068
rl4crn_rne_oscillator_trace_8rxn_stop_risksched085to09_lr1e4_entropy005_s4_c1_rnetol_d256_depth3_p20_bs200,seed133,133,308,61600,200,16,100.23266560299056,106.97638879476276,100.06677468332185,False,max_epochs,2345.00506067276
rl4crn_rne_oscillator_trace_8rxn_stop_risksched085to09_lr1e4_entropy005_s4_c1_rnetol_d256_depth3_p20_bs200,seed133,133,309,61800,200,16,100.53003415776236,106.06370887643482,100.06677468332185,False,max_epochs,2353.329338788986
rl4crn_rne_oscillator_trace_8rxn_stop_risksched085to09_lr1e4_entropy005_s4_c1_rnetol_d256_depth3_p20_bs200,seed133,133,310,62000,200,16,100.52544803393563,106.58625128697699,100.06677468332185,False,max_epochs,2361.518167734146
rl4crn_rne_oscillator_trace_8rxn_stop_risksched085to09_lr1e4_entropy005_s4_c1_rnetol_d256_depth3_p20_bs200,seed133,133,311,62200,200,16,100.28942434930293,105.98543891246639,100.06677468332185,False,max_epochs,2369.5639185905457
rl4crn_rne_oscillator_trace_8rxn_stop_risksched085to09_lr1e4_entropy005_s4_c1_rnetol_d256_depth3_p20_bs200,seed133,133,312,62400,200,16,100.33633714104629,105.73936202353187,100.06677468332185,False,max_epochs,2377.710605621338
rl4crn_rne_oscillator_trace_8rxn_stop_risksched085to09_lr1e4_entropy005_s4_c1_rnetol_d256_depth3_p20_bs200,seed133,133,313,62600,200,16,101.15561895263451,106.23749495607342,100.06677468332185,False,max_epochs,2385.075986146927
rl4crn_rne_oscillator_trace_8rxn_stop_risksched085to09_lr1e4_entropy005_s4_c1_rnetol_d256_depth3_p20_bs200,seed133,133,314,62800,200,16,100.4228469314175,106.00787181542259,100.06677468332185,False,max_epochs,2388.058356523514
rl4crn_rne_oscillator_trace_8rxn_stop_risksched085to09_lr1e4_entropy005_s4_c1_rnetol_d256_depth3_p20_bs200,seed133,133,315,63000,200,16,100.57361691006201,105.94341850784558,100.06677468332185,False,max_epochs,2395.886890411377
rl4crn_rne_oscillator_trace_8rxn_stop_risksched085to09_lr1e4_entropy005_s4_c1_rnetol_d256_depth3_p20_bs200,seed133,133,316,63200,200,16,100.62806672425637,106.94535112983246,100.06677468332185,False,max_epochs,2404.214293718338
rl4crn_rne_oscillator_trace_8rxn_stop_risksched085to09_lr1e4_entropy005_s4_c1_rnetol_d256_depth3_p20_bs200,seed133,133,317,63400,200,16,100.78164903022483,105.82111528395853,100.06677468332185,False,max_epochs,2412.488529443741
rl4crn_rne_oscillator_trace_8rxn_stop_risksched085to09_lr1e4_entropy005_s4_c1_rnetol_d256_depth3_p20_bs200,seed133,133,318,63600,200,16,100.21953480392146,106.23950783377407,100.06677468332185,False,max_epochs,2420.359540939331
rl4crn_rne_oscillator_trace_8rxn_stop_risksched085to09_lr1e4_entropy005_s4_c1_rnetol_d256_depth3_p20_bs200,seed133,133,319,63800,200,16,100.40020184331448,105.83882564466984,100.06677468332185,False,max_epochs,2428.389835834503
rl4crn_rne_oscillator_trace_8rxn_stop_risksched085to09_lr1e4_entropy005_s4_c1_rnetol_d256_depth3_p20_bs200,seed133,133,320,64000,200,16,100.52967899146223,106.18551674203003,100.06677468332185,False,max_epochs,2435.8105442523956
rl4crn_rne_oscillator_trace_8rxn_stop_risksched085to09_lr1e4_entropy005_s4_c1_rnetol_d256_depth3_p20_bs200,seed133,133,321,64200,200,16,100.14087738540135,105.49199746618406,100.06677468332185,False,max_epochs,2438.518767118454
rl4crn_rne_oscillator_trace_8rxn_stop_risksched085to09_lr1e4_entropy005_s4_c1_rnetol_d256_depth3_p20_bs200,seed133,133,322,64400,200,16,100.15974407970991,105.65958444681868,100.06677468332185,False,max_epochs,2446.6187796592712
rl4crn_rne_oscillator_trace_8rxn_stop_risksched085to09_lr1e4_entropy005_s4_c1_rnetol_d256_depth3_p20_bs200,seed133,133,323,64600,200,16,100.4318066237394,104.9962816413856,100.06677468332185,False,max_epochs,2454.9134936332703
rl4crn_rne_oscillator_trace_8rxn_stop_risksched085to09_lr1e4_entropy005_s4_c1_rnetol_d256_depth3_p20_bs200,seed133,133,324,64800,200,16,100.1853845324812,104.27170152787956,100.06677468332185,False,max_epochs,2462.781416416168
rl4crn_rne_oscillator_trace_8rxn_stop_risksched085to09_lr1e4_entropy005_s4_c1_rnetol_d256_depth3_p20_bs200,seed133,133,325,65000,200,16,100.182839870565,104.24551023482852,100.06677468332185,False,max_epochs,2470.8509771823883
rl4crn_rne_oscillator_trace_8rxn_stop_risksched085to09_lr1e4_entropy005_s4_c1_rnetol_d256_depth3_p20_bs200,seed133,133,326,65200,200,16,100.81845073342109,106.52680721997822,100.06677468332185,False,max_epochs,2478.6927778720856
rl4crn_rne_oscillator_trace_8rxn_stop_risksched085to09_lr1e4_entropy005_s4_c1_rnetol_d256_depth3_p20_bs200,seed133,133,327,65400,200,16,100.54852048090233,105.53243846214693,100.06677468332185,False,max_epochs,2486.8094367980957
rl4crn_rne_oscillator_trace_8rxn_stop_risksched085to09_lr1e4_entropy005_s4_c1_rnetol_d256_depth3_p20_bs200,seed133,133,328,65600,200,16,100.15969351526722,105.31559726570435,100.06677468332185,False,max_epochs,2494.6432449817657
rl4crn_rne_oscillator_trace_8rxn_stop_risksched085to09_lr1e4_entropy005_s4_c1_rnetol_d256_depth3_p20_bs200,seed133,133,329,65800,200,16,100.30482385556478,104.68297328880865,100.06677468332185,False,max_epochs,2502.4407987594604
rl4crn_rne_oscillator_trace_8rxn_stop_risksched085to09_lr1e4_entropy005_s4_c1_rnetol_d256_depth3_p20_bs200,seed133,133,330,66000,200,16,100.11210742998509,104.93583423418093,100.06677468332185,False,max_epochs,2505.368918657303
rl4crn_rne_oscillator_trace_8rxn_stop_risksched085to09_lr1e4_entropy005_s4_c1_rnetol_d256_depth3_p20_bs200,seed133,133,331,66200,200,16,100.1855668201332,104.26416207147018,100.06677468332185,False,max_epochs,2512.5953845977783
rl4crn_rne_oscillator_trace_8rxn_stop_risksched085to09_lr1e4_entropy005_s4_c1_rnetol_d256_depth3_p20_bs200,seed133,133,332,66400,200,16,100.19202572908307,104.89761323602688,100.06677468332185,False,max_epochs,2520.8926689624786
rl4crn_rne_oscillator_trace_8rxn_stop_risksched085to09_lr1e4_entropy005_s4_c1_rnetol_d256_depth3_p20_bs200,seed133,133,333,66600,200,16,100.68226847098653,104.76199770369217,100.06677468332185,False,max_epochs,2529.301712989807
rl4crn_rne_oscillator_trace_8rxn_stop_risksched085to09_lr1e4_entropy005_s4_c1_rnetol_d256_depth3_p20_bs200,seed133,133,334,66800,200,16,100.15413603806223,104.5011917295864,100.06677468332185,False,max_epochs,2537.446073770523
rl4crn_rne_oscillator_trace_8rxn_stop_risksched085to09_lr1e4_entropy005_s4_c1_rnetol_d256_depth3_p20_bs200,seed133,133,335,67000,200,16,100.07169477974281,105.15351994515325,100.06677468332185,False,max_epochs,2545.450474023819
rl4crn_rne_oscillator_trace_8rxn_stop_risksched085to09_lr1e4_entropy005_s4_c1_rnetol_d256_depth3_p20_bs200,seed133,133,336,67200,200,16,100.41530962401174,104.74939843751339,100.06677468332185,False,max_epochs,2553.4688098430634
rl4crn_rne_oscillator_trace_8rxn_stop_risksched085to09_lr1e4_entropy005_s4_c1_rnetol_d256_depth3_p20_bs200,seed133,133,337,67400,200,16,100.34042429434713,104.15749559911615,100.06677468332185,False,max_epochs,2561.093677997589
rl4crn_rne_oscillator_trace_8rxn_stop_risksched085to09_lr1e4_entropy005_s4_c1_rnetol_d256_depth3_p20_bs200,seed133,133,338,67600,200,16,100.25155592097985,105.70933980635431,100.06677468332185,False,max_epochs,2563.8962392807007
rl4crn_rne_oscillator_trace_8rxn_stop_risksched085to09_lr1e4_entropy005_s4_c1_rnetol_d256_depth3_p20_bs200,seed133,133,339,67800,200,16,101.38214342529943,107.14103698549917,100.06677468332185,False,max_epochs,2571.7564191818237
rl4crn_rne_oscillator_trace_8rxn_stop_risksched085to09_lr1e4_entropy005_s4_c1_rnetol_d256_depth3_p20_bs200,seed133,133,340,68000,200,16,100.14450120160254,105.54585297670084,100.06677468332185,False,max_epochs,2580.2374589443207
rl4crn_rne_oscillator_trace_8rxn_stop_risksched085to09_lr1e4_entropy005_s4_c1_rnetol_d256_depth3_p20_bs200,seed133,133,341,68200,200,16,100.37193291012015,105.88054758565073,100.06677468332185,False,max_epochs,2588.322738647461
rl4crn_rne_oscillator_trace_8rxn_stop_risksched085to09_lr1e4_entropy005_s4_c1_rnetol_d256_depth3_p20_bs200,seed133,133,342,68400,200,16,100.24881367073901,107.80779690521831,100.06677468332185,False,max_epochs,2596.1952228546143
rl4crn_rne_oscillator_trace_8rxn_stop_risksched085to09_lr1e4_entropy005_s4_c1_rnetol_d256_depth3_p20_bs200,seed133,133,343,68600,200,16,100.03991434141668,106.61745313648042,100.03991434141668,False,max_epochs,2604.0111079216003
rl4crn_rne_oscillator_trace_8rxn_stop_risksched085to09_lr1e4_entropy005_s4_c1_rnetol_d256_depth3_p20_bs200,seed133,133,344,68800,200,16,100.26270338366787,105.766956684132,100.03991434141668,False,max_epochs,2609.701246738434
rl4crn_rne_oscillator_trace_8rxn_stop_risksched085to09_lr1e4_entropy005_s4_c1_rnetol_d256_depth3_p20_bs200,seed133,133,345,69000,200,16,100.22573404084005,105.63103749802549,100.03991434141668,False,max_epochs,2614.3465802669525
rl4crn_rne_oscillator_trace_8rxn_stop_risksched085to09_lr1e4_entropy005_s4_c1_rnetol_d256_depth3_p20_bs200,seed133,133,346,69200,200,16,100.36437714344339,105.27924958411631,100.03991434141668,False,max_epochs,2622.6559484004974
rl4crn_rne_oscillator_trace_8rxn_stop_risksched085to09_lr1e4_entropy005_s4_c1_rnetol_d256_depth3_p20_bs200,seed133,133,347,69400,200,16,100.19380794196978,104.60656013450924,100.03991434141668,False,max_epochs,2631.046070098877
rl4crn_rne_oscillator_trace_8rxn_stop_risksched085to09_lr1e4_entropy005_s4_c1_rnetol_d256_depth3_p20_bs200,seed133,133,348,69600,200,16,100.12610470827276,106.39571618072175,100.03991434141668,False,max_epochs,2639.3873329162598
rl4crn_rne_oscillator_trace_8rxn_stop_risksched085to09_lr1e4_entropy005_s4_c1_rnetol_d256_depth3_p20_bs200,seed133,133,349,69800,200,16,100.78569891294754,106.70302532216073,100.03991434141668,False,max_epochs,2647.6287438869476
rl4crn_rne_oscillator_trace_8rxn_stop_risksched085to09_lr1e4_entropy005_s4_c1_rnetol_d256_depth3_p20_bs200,seed133,133,350,70000,200,16,100.9591740790798,106.00881185350906,100.03991434141668,False,max_epochs,2655.8519127368927
rl4crn_rne_oscillator_trace_8rxn_stop_risksched085to09_lr1e4_entropy005_s4_c1_rnetol_d256_depth3_p20_bs200,seed133,133,351,70200,200,16,100.21651157222252,107.7965271647317,100.03991434141668,False,max_epochs,2664.026622056961
rl4crn_rne_oscillator_trace_8rxn_stop_risksched085to09_lr1e4_entropy005_s4_c1_rnetol_d256_depth3_p20_bs200,seed133,133,352,70400,200,16,100.77732665378123,110.29368706567757,100.03991434141668,False,max_epochs,2672.1762132644653
rl4crn_rne_oscillator_trace_8rxn_stop_risksched085to09_lr1e4_entropy005_s4_c1_rnetol_d256_depth3_p20_bs200,seed133,133,353,70600,200,16,101.38547786607319,109.6971033663924,100.03991434141668,False,max_epochs,2679.079028367996
rl4crn_rne_oscillator_trace_8rxn_stop_risksched085to09_lr1e4_entropy005_s4_c1_rnetol_d256_depth3_p20_bs200,seed133,133,354,70800,200,16,100.92270595334541,107.65165537726489,100.03991434141668,False,max_epochs,2682.3749952316284
rl4crn_rne_oscillator_trace_8rxn_stop_risksched085to09_lr1e4_entropy005_s4_c1_rnetol_d256_depth3_p20_bs200,seed133,133,355,71000,200,16,100.58073653418597,105.73923338487279,100.03991434141668,False,max_epochs,2690.4456264972687
rl4crn_rne_oscillator_trace_8rxn_stop_risksched085to09_lr1e4_entropy005_s4_c1_rnetol_d256_depth3_p20_bs200,seed133,133,356,71200,200,16,100.2266701097007,106.17169237564283,100.03991434141668,False,max_epochs,2698.8641879558563
rl4crn_rne_oscillator_trace_8rxn_stop_risksched085to09_lr1e4_entropy005_s4_c1_rnetol_d256_depth3_p20_bs200,seed133,133,357,71400,200,16,100.38652725860602,108.82304984798385,100.03991434141668,False,max_epochs,2706.830777645111
rl4crn_rne_oscillator_trace_8rxn_stop_risksched085to09_lr1e4_entropy005_s4_c1_rnetol_d256_depth3_p20_bs200,seed133,133,358,71600,200,16,101.06758698955102,110.03260878086027,100.03991434141668,False,max_epochs,2714.987859725952
rl4crn_rne_oscillator_trace_8rxn_stop_risksched085to09_lr1e4_entropy005_s4_c1_rnetol_d256_depth3_p20_bs200,seed133,133,359,71800,200,16,100.50056448809443,107.63314915866718,100.03991434141668,False,max_epochs,2723.288037776947
rl4crn_rne_oscillator_trace_8rxn_stop_risksched085to09_lr1e4_entropy005_s4_c1_rnetol_d256_depth3_p20_bs200,seed133,133,360,72000,200,16,100.38780030853768,105.92529502118775,100.03991434141668,False,max_epochs,2731.2924931049347
rl4crn_rne_oscillator_trace_8rxn_stop_risksched085to09_lr1e4_entropy005_s4_c1_rnetol_d256_depth3_p20_bs200,seed133,133,361,72200,200,16,100.21414535005071,105.99053850195807,100.03991434141668,False,max_epochs,2736.7359430789948
rl4crn_rne_oscillator_trace_8rxn_stop_risksched085to09_lr1e4_entropy005_s4_c1_rnetol_d256_depth3_p20_bs200,seed133,133,362,72400,200,16,100.75857375143703,106.40334975901891,100.03991434141668,False,max_epochs,2741.734305381775
rl4crn_rne_oscillator_trace_8rxn_stop_risksched085to09_lr1e4_entropy005_s4_c1_rnetol_d256_depth3_p20_bs200,seed133,133,363,72600,200,16,100.25043361188177,105.47633273575573,100.03991434141668,False,max_epochs,2749.917638063431
rl4crn_rne_oscillator_trace_8rxn_stop_risksched085to09_lr1e4_entropy005_s4_c1_rnetol_d256_depth3_p20_bs200,seed133,133,364,72800,200,16,100.25502243196597,104.99537521270511,100.03991434141668,False,max_epochs,2758.245736837387
rl4crn_rne_oscillator_trace_8rxn_stop_risksched085to09_lr1e4_entropy005_s4_c1_rnetol_d256_depth3_p20_bs200,seed133,133,365,73000,200,16,100.30431270611687,105.71696501914676,100.03991434141668,False,max_epochs,2766.738585948944
rl4crn_rne_oscillator_trace_8rxn_stop_risksched085to09_lr1e4_entropy005_s4_c1_rnetol_d256_depth3_p20_bs200,seed133,133,366,73200,200,16,100.25573570681208,105.10138389655178,100.03991434141668,False,max_epochs,2774.8220586776733
rl4crn_rne_oscillator_trace_8rxn_stop_risksched085to09_lr1e4_entropy005_s4_c1_rnetol_d256_depth3_p20_bs200,seed133,133,367,73400,200,16,100.23499761881004,104.39069968606486,100.03991434141668,False,max_epochs,2782.8890664577484
rl4crn_rne_oscillator_trace_8rxn_stop_risksched085to09_lr1e4_entropy005_s4_c1_rnetol_d256_depth3_p20_bs200,seed133,133,368,73600,200,16,100.34139906100582,103.91426534964506,100.03991434141668,False,max_epochs,2790.6225612163544
rl4crn_rne_oscillator_trace_8rxn_stop_risksched085to09_lr1e4_entropy005_s4_c1_rnetol_d256_depth3_p20_bs200,seed133,133,369,73800,200,16,100.0232325044609,103.5275548333446,100.0232325044609,False,max_epochs,2797.6523649692535
rl4crn_rne_oscillator_trace_8rxn_stop_risksched085to09_lr1e4_entropy005_s4_c1_rnetol_d256_depth3_p20_bs200,seed133,133,370,74000,200,16,100.45486400222575,103.95417199305078,100.0232325044609,False,max_epochs,2800.8772971630096
rl4crn_rne_oscillator_trace_8rxn_stop_risksched085to09_lr1e4_entropy005_s4_c1_rnetol_d256_depth3_p20_bs200,seed133,133,371,74200,200,16,100.29885779349509,103.6546636597385,100.0232325044609,False,max_epochs,2808.7862932682037
rl4crn_rne_oscillator_trace_8rxn_stop_risksched085to09_lr1e4_entropy005_s4_c1_rnetol_d256_depth3_p20_bs200,seed133,133,372,74400,200,16,100.19455774164271,103.94477750052621,100.0232325044609,False,max_epochs,2817.3647363185883
rl4crn_rne_oscillator_trace_8rxn_stop_risksched085to09_lr1e4_entropy005_s4_c1_rnetol_d256_depth3_p20_bs200,seed133,133,373,74600,200,16,100.20326144781188,104.11926991875701,100.0232325044609,False,max_epochs,2826.0889933109283
rl4crn_rne_oscillator_trace_8rxn_stop_risksched085to09_lr1e4_entropy005_s4_c1_rnetol_d256_depth3_p20_bs200,seed133,133,374,74800,200,16,100.24865271339723,103.82800345272778,100.0232325044609,False,max_epochs,2834.037973880768
rl4crn_rne_oscillator_trace_8rxn_stop_risksched085to09_lr1e4_entropy005_s4_c1_rnetol_d256_depth3_p20_bs200,seed133,133,375,75000,200,16,100.30880998612642,103.87793109861909,100.0232325044609,False,max_epochs,2842.346354484558
rl4crn_rne_oscillator_trace_8rxn_stop_risksched085to09_lr1e4_entropy005_s4_c1_rnetol_d256_depth3_p20_bs200,seed133,133,376,75200,200,16,100.28127674914289,104.36819081634735,100.0232325044609,False,max_epochs,2850.660315513611
rl4crn_rne_oscillator_trace_8rxn_stop_risksched085to09_lr1e4_entropy005_s4_c1_rnetol_d256_depth3_p20_bs200,seed133,133,377,75400,200,16,100.27198143624126,104.72120310264052,100.0232325044609,False,max_epochs,2858.5503911972046
rl4crn_rne_oscillator_trace_8rxn_stop_risksched085to09_lr1e4_entropy005_s4_c1_rnetol_d256_depth3_p20_bs200,seed133,133,378,75600,200,16,100.24163360737015,104.26002327191955,100.0232325044609,False,max_epochs,2866.1416354179382
rl4crn_rne_oscillator_trace_8rxn_stop_risksched085to09_lr1e4_entropy005_s4_c1_rnetol_d256_depth3_p20_bs200,seed133,133,379,75800,200,16,100.35966809638506,104.18551809330349,100.0232325044609,False,max_epochs,2869.2542431354523
rl4crn_rne_oscillator_trace_8rxn_stop_risksched085to09_lr1e4_entropy005_s4_c1_rnetol_d256_depth3_p20_bs200,seed133,133,380,76000,200,16,100.0859833931361,103.99663300977235,100.0232325044609,False,max_epochs,2877.0766277313232
rl4crn_rne_oscillator_trace_8rxn_stop_risksched085to09_lr1e4_entropy005_s4_c1_rnetol_d256_depth3_p20_bs200,seed133,133,381,76200,200,16,100.48724000459845,105.40937347526828,100.0232325044609,False,max_epochs,2885.5076253414154
rl4crn_rne_oscillator_trace_8rxn_stop_risksched085to09_lr1e4_entropy005_s4_c1_rnetol_d256_depth3_p20_bs200,seed133,133,382,76400,200,16,100.22528558358101,106.52212541422347,100.0232325044609,False,max_epochs,2893.9650750160217
rl4crn_rne_oscillator_trace_8rxn_stop_risksched085to09_lr1e4_entropy005_s4_c1_rnetol_d256_depth3_p20_bs200,seed133,133,383,76600,200,16,100.35225608807922,104.03727833369089,100.0232325044609,False,max_epochs,2902.3341937065125
rl4crn_rne_oscillator_trace_8rxn_stop_risksched085to09_lr1e4_entropy005_s4_c1_rnetol_d256_depth3_p20_bs200,seed133,133,384,76800,200,16,100.40962734447905,104.594873596588,100.0232325044609,False,max_epochs,2910.5286004543304
rl4crn_rne_oscillator_trace_8rxn_stop_risksched085to09_lr1e4_entropy005_s4_c1_rnetol_d256_depth3_p20_bs200,seed133,133,385,77000,200,16,100.44223022802754,105.38662657275196,100.0232325044609,False,max_epochs,2918.5589702129364
rl4crn_rne_oscillator_trace_8rxn_stop_risksched085to09_lr1e4_entropy005_s4_c1_rnetol_d256_depth3_p20_bs200,seed133,133,386,77200,200,16,100.48715142599532,105.45940582703494,100.0232325044609,False,max_epochs,2926.41770362854
rl4crn_rne_oscillator_trace_8rxn_stop_risksched085to09_lr1e4_entropy005_s4_c1_rnetol_d256_depth3_p20_bs200,seed133,133,387,77400,200,16,100.11712056911011,104.06293138864936,100.0232325044609,False,max_epochs,2934.3452563285828
rl4crn_rne_oscillator_trace_8rxn_stop_risksched085to09_lr1e4_entropy005_s4_c1_rnetol_d256_depth3_p20_bs200,seed133,133,388,77600,200,16,100.3357633401183,107.63926538193095,100.0232325044609,False,max_epochs,2942.5300619602203
rl4crn_rne_oscillator_trace_8rxn_stop_risksched085to09_lr1e4_entropy005_s4_c1_rnetol_d256_depth3_p20_bs200,seed133,133,389,77800,200,16,100.34236118400351,107.22901262126538,100.0232325044609,False,max_epochs,2949.103277683258
rl4crn_rne_oscillator_trace_8rxn_stop_risksched085to09_lr1e4_entropy005_s4_c1_rnetol_d256_depth3_p20_bs200,seed133,133,390,78000,200,16,100.11075870313665,104.81269613149507,100.0232325044609,False,max_epochs,2952.8769030570984
rl4crn_rne_oscillator_trace_8rxn_stop_risksched085to09_lr1e4_entropy005_s4_c1_rnetol_d256_depth3_p20_bs200,seed133,133,391,78200,200,16,100.37255475788926,105.72526913982693,100.0232325044609,False,max_epochs,2961.4202399253845
rl4crn_rne_oscillator_trace_8rxn_stop_risksched085to09_lr1e4_entropy005_s4_c1_rnetol_d256_depth3_p20_bs200,seed133,133,392,78400,200,16,100.41740918215108,107.58160248142727,100.0232325044609,False,max_epochs,2969.578408241272
rl4crn_rne_oscillator_trace_8rxn_stop_risksched085to09_lr1e4_entropy005_s4_c1_rnetol_d256_depth3_p20_bs200,seed133,133,393,78600,200,16,100.51730909329086,106.49228091393226,100.0232325044609,False,max_epochs,2977.521410703659
rl4crn_rne_oscillator_trace_8rxn_stop_risksched085to09_lr1e4_entropy005_s4_c1_rnetol_d256_depth3_p20_bs200,seed133,133,394,78800,200,16,100.18832268662939,104.80517879072534,100.0232325044609,False,max_epochs,2985.3664631843567
rl4crn_rne_oscillator_trace_8rxn_stop_risksched085to09_lr1e4_entropy005_s4_c1_rnetol_d256_depth3_p20_bs200,seed133,133,395,79000,200,16,100.44376423690662,105.93094411279702,100.0232325044609,False,max_epochs,2993.389058113098
rl4crn_rne_oscillator_trace_8rxn_stop_risksched085to09_lr1e4_entropy005_s4_c1_rnetol_d256_depth3_p20_bs200,seed133,133,396,79200,200,16,100.30792849149411,105.54323729517246,100.0232325044609,False,max_epochs,3001.5392665863037
rl4crn_rne_oscillator_trace_8rxn_stop_risksched085to09_lr1e4_entropy005_s4_c1_rnetol_d256_depth3_p20_bs200,seed133,133,397,79400,200,16,100.25506151149625,103.56329965137226,100.0232325044609,False,max_epochs,3009.5567848682404
rl4crn_rne_oscillator_trace_8rxn_stop_risksched085to09_lr1e4_entropy005_s4_c1_rnetol_d256_depth3_p20_bs200,seed133,133,398,79600,200,16,100.39668867338554,104.26438967361864,100.0232325044609,False,max_epochs,3012.871486902237
rl4crn_rne_oscillator_trace_8rxn_stop_risksched085to09_lr1e4_entropy005_s4_c1_rnetol_d256_depth3_p20_bs200,seed133,133,399,79800,200,16,100.57979941494473,104.59928579369713,100.0232325044609,False,max_epochs,3019.7323276996613
rl4crn_rne_oscillator_trace_8rxn_stop_risksched085to09_lr1e4_entropy005_s4_c1_rnetol_d256_depth3_p20_bs200,seed133,133,400,80000,200,16,100.1747724960274,104.00170878339776,100.0232325044609,False,max_epochs,3028.0058019161224
rl4crn_rne_oscillator_trace_8rxn_stop_risksched085to09_lr1e4_entropy005_s4_c1_rnetol_d256_depth3_p20_bs200,seed133,133,401,80200,200,16,100.09115994977456,104.9337382358847,100.0232325044609,False,max_epochs,3036.2821893692017
rl4crn_rne_oscillator_trace_8rxn_stop_risksched085to09_lr1e4_entropy005_s4_c1_rnetol_d256_depth3_p20_bs200,seed133,133,402,80400,200,16,100.34030171909396,104.75694929220847,100.0232325044609,False,max_epochs,3044.535704135895
rl4crn_rne_oscillator_trace_8rxn_stop_risksched085to09_lr1e4_entropy005_s4_c1_rnetol_d256_depth3_p20_bs200,seed133,133,403,80600,200,16,100.26942828283883,103.96734702722743,100.0232325044609,False,max_epochs,3052.270456790924
rl4crn_rne_oscillator_trace_8rxn_stop_risksched085to09_lr1e4_entropy005_s4_c1_rnetol_d256_depth3_p20_bs200,seed133,133,404,80800,200,16,100.10103891134652,104.5014808206203,100.0232325044609,False,max_epochs,3058.583443403244
rl4crn_rne_oscillator_trace_8rxn_stop_risksched085to09_lr1e4_entropy005_s4_c1_rnetol_d256_depth3_p20_bs200,seed133,133,405,81000,200,16,100.32642717952191,106.19011016893602,100.0232325044609,False,max_epochs,3062.4311184883118
rl4crn_rne_oscillator_trace_8rxn_stop_risksched085to09_lr1e4_entropy005_s4_c1_rnetol_d256_depth3_p20_bs200,seed133,133,406,81200,200,16,100.4435980927163,104.37989325743943,100.0232325044609,False,max_epochs,3070.4352605342865
rl4crn_rne_oscillator_trace_8rxn_stop_risksched085to09_lr1e4_entropy005_s4_c1_rnetol_d256_depth3_p20_bs200,seed133,133,407,81400,200,16,100.33894580380716,103.72175014126053,100.0232325044609,False,max_epochs,3078.695544719696
rl4crn_rne_oscillator_trace_8rxn_stop_risksched085to09_lr1e4_entropy005_s4_c1_rnetol_d256_depth3_p20_bs200,seed133,133,408,81600,200,16,100.43363463802919,104.56146092594656,100.0232325044609,False,max_epochs,3086.653993368149
rl4crn_rne_oscillator_trace_8rxn_stop_risksched085to09_lr1e4_entropy005_s4_c1_rnetol_d256_depth3_p20_bs200,seed133,133,409,81800,200,16,100.10601137883185,103.85690508193863,100.0232325044609,False,max_epochs,3094.8263924121857
rl4crn_rne_oscillator_trace_8rxn_stop_risksched085to09_lr1e4_entropy005_s4_c1_rnetol_d256_depth3_p20_bs200,seed133,133,410,82000,200,16,100.17542253202684,104.63791752855059,100.0232325044609,False,max_epochs,3102.7777740955353
rl4crn_rne_oscillator_trace_8rxn_stop_risksched085to09_lr1e4_entropy005_s4_c1_rnetol_d256_depth3_p20_bs200,seed133,133,411,82200,200,16,100.43646072192514,105.27693816089976,100.0232325044609,False,max_epochs,3110.502592563629
rl4crn_rne_oscillator_trace_8rxn_stop_risksched085to09_lr1e4_entropy005_s4_c1_rnetol_d256_depth3_p20_bs200,seed133,133,412,82400,200,16,100.23494899020983,104.80831299405159,100.0232325044609,False,max_epochs,3113.4365181922913
rl4crn_rne_oscillator_trace_8rxn_stop_risksched085to09_lr1e4_entropy005_s4_c1_rnetol_d256_depth3_p20_bs200,seed133,133,413,82600,200,16,100.42491862620146,104.9647619844092,100.0232325044609,False,max_epochs,3121.3466346263885
rl4crn_rne_oscillator_trace_8rxn_stop_risksched085to09_lr1e4_entropy005_s4_c1_rnetol_d256_depth3_p20_bs200,seed133,133,414,82800,200,16,100.28872348182998,104.81219781722815,100.0232325044609,False,max_epochs,3129.470704317093
rl4crn_rne_oscillator_trace_8rxn_stop_risksched085to09_lr1e4_entropy005_s4_c1_rnetol_d256_depth3_p20_bs200,seed133,133,415,83000,200,16,100.26999640433472,104.29133888928685,100.0232325044609,False,max_epochs,3137.5073347091675
rl4crn_rne_oscillator_trace_8rxn_stop_risksched085to09_lr1e4_entropy005_s4_c1_rnetol_d256_depth3_p20_bs200,seed133,133,416,83200,200,16,100.40700926753377,103.84114090587806,100.0232325044609,False,max_epochs,3145.5721278190613
rl4crn_rne_oscillator_trace_8rxn_stop_risksched085to09_lr1e4_entropy005_s4_c1_rnetol_d256_depth3_p20_bs200,seed133,133,417,83400,200,16,100.48862942761674,104.5754147269138,100.0232325044609,False,max_epochs,3153.72922873497
rl4crn_rne_oscillator_trace_8rxn_stop_risksched085to09_lr1e4_entropy005_s4_c1_rnetol_d256_depth3_p20_bs200,seed133,133,418,83600,200,16,100.51183852152553,103.8466021432223,100.0232325044609,False,max_epochs,3161.1253867149353
rl4crn_rne_oscillator_trace_8rxn_stop_risksched085to09_lr1e4_entropy005_s4_c1_rnetol_d256_depth3_p20_bs200,seed133,133,419,83800,200,16,100.37864172080864,103.47328398008653,100.0232325044609,False,max_epochs,3163.9173917770386
rl4crn_rne_oscillator_trace_8rxn_stop_risksched085to09_lr1e4_entropy005_s4_c1_rnetol_d256_depth3_p20_bs200,seed133,133,420,84000,200,16,100.04086281944744,103.7793131499686,100.0232325044609,False,max_epochs,3171.933614730835
rl4crn_rne_oscillator_trace_8rxn_stop_risksched085to09_lr1e4_entropy005_s4_c1_rnetol_d256_depth3_p20_bs200,seed133,133,421,84200,200,16,100.3926499991405,103.64133235748753,100.0232325044609,False,max_epochs,3180.418969631195
rl4crn_rne_oscillator_trace_8rxn_stop_risksched085to09_lr1e4_entropy005_s4_c1_rnetol_d256_depth3_p20_bs200,seed133,133,422,84400,200,16,100.25777285676581,103.60575561047375,100.0232325044609,False,max_epochs,3188.4008281230927
rl4crn_rne_oscillator_trace_8rxn_stop_risksched085to09_lr1e4_entropy005_s4_c1_rnetol_d256_depth3_p20_bs200,seed133,133,423,84600,200,16,100.30354093680951,104.51224495930714,100.0232325044609,False,max_epochs,3196.460312128067
rl4crn_rne_oscillator_trace_8rxn_stop_risksched085to09_lr1e4_entropy005_s4_c1_rnetol_d256_depth3_p20_bs200,seed133,133,424,84800,200,16,100.3855688572153,103.8097671981431,100.0232325044609,False,max_epochs,3204.6336228847504
rl4crn_rne_oscillator_trace_8rxn_stop_risksched085to09_lr1e4_entropy005_s4_c1_rnetol_d256_depth3_p20_bs200,seed133,133,425,85000,200,16,100.11139590674102,105.40155305483007,100.0232325044609,False,max_epochs,3212.5293390750885
rl4crn_rne_oscillator_trace_8rxn_stop_risksched085to09_lr1e4_entropy005_s4_c1_rnetol_d256_depth3_p20_bs200,seed133,133,426,85200,200,16,100.06812414979285,105.32172571135935,100.0232325044609,False,max_epochs,3215.6984589099884
rl4crn_rne_oscillator_trace_8rxn_stop_risksched085to09_lr1e4_entropy005_s4_c1_rnetol_d256_depth3_p20_bs200,seed133,133,427,85400,200,16,100.05590459540986,104.31652855714489,100.0232325044609,False,max_epochs,3223.013653278351
rl4crn_rne_oscillator_trace_8rxn_stop_risksched085to09_lr1e4_entropy005_s4_c1_rnetol_d256_depth3_p20_bs200,seed133,133,428,85600,200,16,100.2384601548384,103.64993872737358,100.0232325044609,False,max_epochs,3231.1926486492157
rl4crn_rne_oscillator_trace_8rxn_stop_risksched085to09_lr1e4_entropy005_s4_c1_rnetol_d256_depth3_p20_bs200,seed133,133,429,85800,200,16,100.16244280086957,103.0924871599378,100.0232325044609,False,max_epochs,3239.3931646347046
rl4crn_rne_oscillator_trace_8rxn_stop_risksched085to09_lr1e4_entropy005_s4_c1_rnetol_d256_depth3_p20_bs200,seed133,133,430,86000,200,16,100.23769794339879,103.5323340779791,100.0232325044609,False,max_epochs,3247.3362505435944
rl4crn_rne_oscillator_trace_8rxn_stop_risksched085to09_lr1e4_entropy005_s4_c1_rnetol_d256_depth3_p20_bs200,seed133,133,431,86200,200,16,100.31580309316162,103.54596294406639,100.0232325044609,False,max_epochs,3255.535680770874
rl4crn_rne_oscillator_trace_8rxn_stop_risksched085to09_lr1e4_entropy005_s4_c1_rnetol_d256_depth3_p20_bs200,seed133,133,432,86400,200,16,100.09075570466261,103.68412172843725,100.0232325044609,False,max_epochs,3263.1298792362213
rl4crn_rne_oscillator_trace_8rxn_stop_risksched085to09_lr1e4_entropy005_s4_c1_rnetol_d256_depth3_p20_bs200,seed133,133,433,86600,200,16,100.15344624618261,103.48171585750794,100.0232325044609,False,max_epochs,3266.563994407654
rl4crn_rne_oscillator_trace_8rxn_stop_risksched085to09_lr1e4_entropy005_s4_c1_rnetol_d256_depth3_p20_bs200,seed133,133,434,86800,200,16,100.10113021314216,103.88711272297576,100.0232325044609,False,max_epochs,3273.57892370224
rl4crn_rne_oscillator_trace_8rxn_stop_risksched085to09_lr1e4_entropy005_s4_c1_rnetol_d256_depth3_p20_bs200,seed133,133,435,87000,200,16,100.3450110583025,103.76555053857962,100.0232325044609,False,max_epochs,3281.7407817840576
rl4crn_rne_oscillator_trace_8rxn_stop_risksched085to09_lr1e4_entropy005_s4_c1_rnetol_d256_depth3_p20_bs200,seed133,133,436,87200,200,16,100.37874148699515,104.09084215000524,100.0232325044609,False,max_epochs,3290.2029736042023
rl4crn_rne_oscillator_trace_8rxn_stop_risksched085to09_lr1e4_entropy005_s4_c1_rnetol_d256_depth3_p20_bs200,seed133,133,437,87400,200,16,100.31662673874051,104.44081303314567,100.0232325044609,False,max_epochs,3298.7292301654816
rl4crn_rne_oscillator_trace_8rxn_stop_risksched085to09_lr1e4_entropy005_s4_c1_rnetol_d256_depth3_p20_bs200,seed133,133,438,87600,200,16,100.07433837293016,103.52480636465856,100.0232325044609,False,max_epochs,3306.7804906368256
rl4crn_rne_oscillator_trace_8rxn_stop_risksched085to09_lr1e4_entropy005_s4_c1_rnetol_d256_depth3_p20_bs200,seed133,133,439,87800,200,16,100.33735048347312,105.03311928561915,100.0232325044609,False,max_epochs,3314.743780374527
rl4crn_rne_oscillator_trace_8rxn_stop_risksched085to09_lr1e4_entropy005_s4_c1_rnetol_d256_depth3_p20_bs200,seed133,133,440,88000,200,16,100.67080760277449,105.88540620759464,100.0232325044609,False,max_epochs,3322.8835809230804
rl4crn_rne_oscillator_trace_8rxn_stop_risksched085to09_lr1e4_entropy005_s4_c1_rnetol_d256_depth3_p20_bs200,seed133,133,441,88200,200,16,100.40296540412527,105.15648390722151,100.0232325044609,False,max_epochs,3330.9079780578613
rl4crn_rne_oscillator_trace_8rxn_stop_risksched085to09_lr1e4_entropy005_s4_c1_rnetol_d256_depth3_p20_bs200,seed133,133,442,88400,200,16,100.18213253233189,105.32034791035245,100.0232325044609,False,max_epochs,3334.8412346839905
rl4crn_rne_oscillator_trace_8rxn_stop_risksched085to09_lr1e4_entropy005_s4_c1_rnetol_d256_depth3_p20_bs200,seed133,133,443,88600,200,16,100.20501308004803,106.71073497230988,100.0232325044609,False,max_epochs,3341.212418317795
rl4crn_rne_oscillator_trace_8rxn_stop_risksched085to09_lr1e4_entropy005_s4_c1_rnetol_d256_depth3_p20_bs200,seed133,133,444,88800,200,16,100.12120489155376,105.61047538382664,100.0232325044609,False,max_epochs,3349.596794128418
rl4crn_rne_oscillator_trace_8rxn_stop_risksched085to09_lr1e4_entropy005_s4_c1_rnetol_d256_depth3_p20_bs200,seed133,133,445,89000,200,16,100.1444911510932,104.94810432828238,100.0232325044609,False,max_epochs,3357.958520889282
rl4crn_rne_oscillator_trace_8rxn_stop_risksched085to09_lr1e4_entropy005_s4_c1_rnetol_d256_depth3_p20_bs200,seed133,133,446,89200,200,16,100.18296607544201,104.90474971937329,100.0232325044609,False,max_epochs,3366.1636691093445
rl4crn_rne_oscillator_trace_8rxn_stop_risksched085to09_lr1e4_entropy005_s4_c1_rnetol_d256_depth3_p20_bs200,seed133,133,447,89400,200,16,100.19129799429747,103.77007868319251,100.0232325044609,False,max_epochs,3374.6295127868652
rl4crn_rne_oscillator_trace_8rxn_stop_risksched085to09_lr1e4_entropy005_s4_c1_rnetol_d256_depth3_p20_bs200,seed133,133,448,89600,200,16,100.2223576661081,104.37065901405347,100.0232325044609,False,max_epochs,3382.7329647541046
rl4crn_rne_oscillator_trace_8rxn_stop_risksched085to09_lr1e4_entropy005_s4_c1_rnetol_d256_depth3_p20_bs200,seed133,133,449,89800,200,16,100.3577091146834,105.65880904772942,100.0232325044609,False,max_epochs,3390.6878757476807
rl4crn_rne_oscillator_trace_8rxn_stop_risksched085to09_lr1e4_entropy005_s4_c1_rnetol_d256_depth3_p20_bs200,seed133,133,450,90000,200,16,100.05571081521444,105.70611945669364,100.0232325044609,False,max_epochs,3398.8250670433044
rl4crn_rne_oscillator_trace_8rxn_stop_risksched085to09_lr1e4_entropy005_s4_c1_rnetol_d256_depth3_p20_bs200,seed133,133,451,90200,200,16,100.11005095825762,103.74225246758863,100.0232325044609,False,max_epochs,3404.2744805812836
rl4crn_rne_oscillator_trace_8rxn_stop_risksched085to09_lr1e4_entropy005_s4_c1_rnetol_d256_depth3_p20_bs200,seed133,133,452,90400,200,16,100.13987243992833,104.05922110175605,100.0232325044609,False,max_epochs,3409.055442094803
rl4crn_rne_oscillator_trace_8rxn_stop_risksched085to09_lr1e4_entropy005_s4_c1_rnetol_d256_depth3_p20_bs200,seed133,133,453,90600,200,16,100.26322884796382,104.18772852468209,100.0232325044609,False,max_epochs,3417.280241250992
rl4crn_rne_oscillator_trace_8rxn_stop_risksched085to09_lr1e4_entropy005_s4_c1_rnetol_d256_depth3_p20_bs200,seed133,133,454,90800,200,16,100.16910766590324,103.59137517199451,100.0232325044609,False,max_epochs,3425.8130328655243
rl4crn_rne_oscillator_trace_8rxn_stop_risksched085to09_lr1e4_entropy005_s4_c1_rnetol_d256_depth3_p20_bs200,seed133,133,455,91000,200,16,100.13292773574805,103.53652953278521,100.0232325044609,False,max_epochs,3434.027569293976
rl4crn_rne_oscillator_trace_8rxn_stop_risksched085to09_lr1e4_entropy005_s4_c1_rnetol_d256_depth3_p20_bs200,seed133,133,456,91200,200,16,100.12293763232961,103.21677968120214,100.0232325044609,False,max_epochs,3442.560202598572
rl4crn_rne_oscillator_trace_8rxn_stop_risksched085to09_lr1e4_entropy005_s4_c1_rnetol_d256_depth3_p20_bs200,seed133,133,457,91400,200,16,100.16663133731392,102.98826608237687,100.0232325044609,False,max_epochs,3450.8133397102356
rl4crn_rne_oscillator_trace_8rxn_stop_risksched085to09_lr1e4_entropy005_s4_c1_rnetol_d256_depth3_p20_bs200,seed133,133,458,91600,200,16,100.23334707341095,102.60752098253833,100.0232325044609,False,max_epochs,3459.1953599452972
rl4crn_rne_oscillator_trace_8rxn_stop_risksched085to09_lr1e4_entropy005_s4_c1_rnetol_d256_depth3_p20_bs200,seed133,133,459,91800,200,16,100.12266729977794,102.65678444695229,100.0232325044609,False,max_epochs,3467.8316214084625
rl4crn_rne_oscillator_trace_8rxn_stop_risksched085to09_lr1e4_entropy005_s4_c1_rnetol_d256_depth3_p20_bs200,seed133,133,460,92000,200,16,100.26172461757129,103.67017167698904,100.0232325044609,False,max_epochs,3475.8483521938324
rl4crn_rne_oscillator_trace_8rxn_stop_risksched085to09_lr1e4_entropy005_s4_c1_rnetol_d256_depth3_p20_bs200,seed133,133,461,92200,200,16,100.11291178595106,104.80710778032497,100.0232325044609,False,max_epochs,3484.215252637863
rl4crn_rne_oscillator_trace_8rxn_stop_risksched085to09_lr1e4_entropy005_s4_c1_rnetol_d256_depth3_p20_bs200,seed133,133,462,92400,200,16,100.19727306426515,103.84862408834928,100.0232325044609,False,max_epochs,3492.8391370773315
rl4crn_rne_oscillator_trace_8rxn_stop_risksched085to09_lr1e4_entropy005_s4_c1_rnetol_d256_depth3_p20_bs200,seed133,133,463,92600,200,16,100.11001830377401,104.09178005440592,100.0232325044609,False,max_epochs,3500.9260773658752
rl4crn_rne_oscillator_trace_8rxn_stop_risksched085to09_lr1e4_entropy005_s4_c1_rnetol_d256_depth3_p20_bs200,seed133,133,464,92800,200,16,100.26877457377519,104.70828798256619,100.0232325044609,False,max_epochs,3509.0929052829742
rl4crn_rne_oscillator_trace_8rxn_stop_risksched085to09_lr1e4_entropy005_s4_c1_rnetol_d256_depth3_p20_bs200,seed133,133,465,93000,200,16,100.16929167617117,104.23963468895897,100.0232325044609,False,max_epochs,3516.636373281479
rl4crn_rne_oscillator_trace_8rxn_stop_risksched085to09_lr1e4_entropy005_s4_c1_rnetol_d256_depth3_p20_bs200,seed133,133,466,93200,200,16,100.20990214567773,106.24954707480121,100.0232325044609,False,max_epochs,3519.4936788082123
rl4crn_rne_oscillator_trace_8rxn_stop_risksched085to09_lr1e4_entropy005_s4_c1_rnetol_d256_depth3_p20_bs200,seed133,133,467,93400,200,16,100.084688620112,104.13746325197135,100.0232325044609,False,max_epochs,3527.2883722782135
rl4crn_rne_oscillator_trace_8rxn_stop_risksched085to09_lr1e4_entropy005_s4_c1_rnetol_d256_depth3_p20_bs200,seed133,133,468,93600,200,16,100.186203728585,103.59632232789416,100.0232325044609,False,max_epochs,3535.6412031650543
rl4crn_rne_oscillator_trace_8rxn_stop_risksched085to09_lr1e4_entropy005_s4_c1_rnetol_d256_depth3_p20_bs200,seed133,133,469,93800,200,16,100.21775742024238,102.91609329954532,100.0232325044609,False,max_epochs,3544.2661924362183
rl4crn_rne_oscillator_trace_8rxn_stop_risksched085to09_lr1e4_entropy005_s4_c1_rnetol_d256_depth3_p20_bs200,seed133,133,470,94000,200,16,100.22127833046397,103.09409815643394,100.0232325044609,False,max_epochs,3552.451482772827
rl4crn_rne_oscillator_trace_8rxn_stop_risksched085to09_lr1e4_entropy005_s4_c1_rnetol_d256_depth3_p20_bs200,seed133,133,471,94200,200,16,100.135385358495,102.86082176527715,100.0232325044609,False,max_epochs,3560.9346725940704
rl4crn_rne_oscillator_trace_8rxn_stop_risksched085to09_lr1e4_entropy005_s4_c1_rnetol_d256_depth3_p20_bs200,seed133,133,472,94400,200,16,100.14493812773489,103.10170277226152,100.0232325044609,False,max_epochs,3569.063714981079
rl4crn_rne_oscillator_trace_8rxn_stop_risksched085to09_lr1e4_entropy005_s4_c1_rnetol_d256_depth3_p20_bs200,seed133,133,473,94600,200,16,100.26184478256508,103.92876856901512,100.0232325044609,False,max_epochs,3577.1098256111145
rl4crn_rne_oscillator_trace_8rxn_stop_risksched085to09_lr1e4_entropy005_s4_c1_rnetol_d256_depth3_p20_bs200,seed133,133,474,94800,200,16,100.07712465363845,104.50589287013628,100.0232325044609,False,max_epochs,3585.167254447937
rl4crn_rne_oscillator_trace_8rxn_stop_risksched085to09_lr1e4_entropy005_s4_c1_rnetol_d256_depth3_p20_bs200,seed133,133,475,95000,200,16,100.18059231609477,102.52550192707383,100.0232325044609,False,max_epochs,3593.080759048462
rl4crn_rne_oscillator_trace_8rxn_stop_risksched085to09_lr1e4_entropy005_s4_c1_rnetol_d256_depth3_p20_bs200,seed133,133,476,95200,200,16,100.63938548616152,105.69387919189194,100.0232325044609,False,max_epochs,3595.9592435359955
rl4crn_rne_oscillator_trace_8rxn_stop_risksched085to09_lr1e4_entropy005_s4_c1_rnetol_d256_depth3_p20_bs200,seed133,133,477,95400,200,16,101.18216647782477,108.06830686120347,100.0232325044609,False,max_epochs,3603.577839612961
rl4crn_rne_oscillator_trace_8rxn_stop_risksched085to09_lr1e4_entropy005_s4_c1_rnetol_d256_depth3_p20_bs200,seed133,133,478,95600,200,16,100.80865662218822,107.4562243036969,100.0232325044609,False,max_epochs,3611.755714893341
rl4crn_rne_oscillator_trace_8rxn_stop_risksched085to09_lr1e4_entropy005_s4_c1_rnetol_d256_depth3_p20_bs200,seed133,133,479,95800,200,16,100.28236479791906,103.83188636655353,100.0232325044609,False,max_epochs,3619.331897497177
rl4crn_rne_oscillator_trace_8rxn_stop_risksched085to09_lr1e4_entropy005_s4_c1_rnetol_d256_depth3_p20_bs200,seed133,133,480,96000,200,16,100.24130160404682,106.09486650171272,100.0232325044609,False,max_epochs,3627.387658596039
rl4crn_rne_oscillator_trace_8rxn_stop_risksched085to09_lr1e4_entropy005_s4_c1_rnetol_d256_depth3_p20_bs200,seed133,133,481,96200,200,16,100.94829612167663,107.94768181693286,100.0232325044609,False,max_epochs,3635.4267239570618
rl4crn_rne_oscillator_trace_8rxn_stop_risksched085to09_lr1e4_entropy005_s4_c1_rnetol_d256_depth3_p20_bs200,seed133,133,482,96400,200,16,100.52926576433248,108.29482618150448,100.0232325044609,False,max_epochs,3638.7230467796326
rl4crn_rne_oscillator_trace_8rxn_stop_risksched085to09_lr1e4_entropy005_s4_c1_rnetol_d256_depth3_p20_bs200,seed133,133,483,96600,200,16,100.28651268839353,106.01152214430763,100.0232325044609,False,max_epochs,3645.906063556671
rl4crn_rne_oscillator_trace_8rxn_stop_risksched085to09_lr1e4_entropy005_s4_c1_rnetol_d256_depth3_p20_bs200,seed133,133,484,96800,200,16,100.32487040093886,106.39293191492746,100.0232325044609,False,max_epochs,3653.9162707328796
rl4crn_rne_oscillator_trace_8rxn_stop_risksched085to09_lr1e4_entropy005_s4_c1_rnetol_d256_depth3_p20_bs200,seed133,133,485,97000,200,16,100.75269278489858,109.55528995419462,100.0232325044609,False,max_epochs,3662.300942182541
rl4crn_rne_oscillator_trace_8rxn_stop_risksched085to09_lr1e4_entropy005_s4_c1_rnetol_d256_depth3_p20_bs200,seed133,133,486,97200,200,16,100.06157667345903,109.61177933706354,100.0232325044609,False,max_epochs,3670.4084074497223
rl4crn_rne_oscillator_trace_8rxn_stop_risksched085to09_lr1e4_entropy005_s4_c1_rnetol_d256_depth3_p20_bs200,seed133,133,487,97400,200,16,100.24045705208056,105.79670240784932,100.0232325044609,False,max_epochs,3678.239592552185
rl4crn_rne_oscillator_trace_8rxn_stop_risksched085to09_lr1e4_entropy005_s4_c1_rnetol_d256_depth3_p20_bs200,seed133,133,488,97600,200,16,100.3261084983612,105.05531248778234,100.0232325044609,False,max_epochs,3686.334619998932
rl4crn_rne_oscillator_trace_8rxn_stop_risksched085to09_lr1e4_entropy005_s4_c1_rnetol_d256_depth3_p20_bs200,seed133,133,489,97800,200,16,100.14290894250958,104.78584296616634,100.0232325044609,False,max_epochs,3694.3310449123383
rl4crn_rne_oscillator_trace_8rxn_stop_risksched085to09_lr1e4_entropy005_s4_c1_rnetol_d256_depth3_p20_bs200,seed133,133,490,98000,200,16,100.14173007203833,104.1136602221232,100.0232325044609,False,max_epochs,3697.3864419460297
rl4crn_rne_oscillator_trace_8rxn_stop_risksched085to09_lr1e4_entropy005_s4_c1_rnetol_d256_depth3_p20_bs200,seed133,133,491,98200,200,16,100.13900955511241,103.77858634668499,100.0232325044609,False,max_epochs,3705.0141751766205
rl4crn_rne_oscillator_trace_8rxn_stop_risksched085to09_lr1e4_entropy005_s4_c1_rnetol_d256_depth3_p20_bs200,seed133,133,492,98400,200,16,100.04527692520615,103.35196183206664,100.0232325044609,False,max_epochs,3713.372465610504
rl4crn_rne_oscillator_trace_8rxn_stop_risksched085to09_lr1e4_entropy005_s4_c1_rnetol_d256_depth3_p20_bs200,seed133,133,493,98600,200,16,100.22433769896288,103.99098100137272,100.0232325044609,False,max_epochs,3721.657556295395
rl4crn_rne_oscillator_trace_8rxn_stop_risksched085to09_lr1e4_entropy005_s4_c1_rnetol_d256_depth3_p20_bs200,seed133,133,494,98800,200,16,100.18831811365729,103.44135020665342,100.0232325044609,False,max_epochs,3729.9805612564087
rl4crn_rne_oscillator_trace_8rxn_stop_risksched085to09_lr1e4_entropy005_s4_c1_rnetol_d256_depth3_p20_bs200,seed133,133,495,99000,200,16,100.15547298788054,103.08253969683832,100.0232325044609,False,max_epochs,3738.510418176651
rl4crn_rne_oscillator_trace_8rxn_stop_risksched085to09_lr1e4_entropy005_s4_c1_rnetol_d256_depth3_p20_bs200,seed133,133,496,99200,200,16,100.40466514112488,104.36982153358372,100.0232325044609,False,max_epochs,3746.6755249500275
rl4crn_rne_oscillator_trace_8rxn_stop_risksched085to09_lr1e4_entropy005_s4_c1_rnetol_d256_depth3_p20_bs200,seed133,133,497,99400,200,16,100.31776362352046,106.50396446050722,100.0232325044609,False,max_epochs,3754.6421864032745
rl4crn_rne_oscillator_trace_8rxn_stop_risksched085to09_lr1e4_entropy005_s4_c1_rnetol_d256_depth3_p20_bs200,seed133,133,498,99600,200,16,100.08253457819185,105.4361849645233,100.0232325044609,False,max_epochs,3762.5399832725525
rl4crn_rne_oscillator_trace_8rxn_stop_risksched085to09_lr1e4_entropy005_s4_c1_rnetol_d256_depth3_p20_bs200,seed133,133,499,99800,200,16,100.07242375430113,104.02980492171199,100.0232325044609,False,max_epochs,3770.350252866745
rl4crn_rne_oscillator_trace_8rxn_stop_risksched085to09_lr1e4_entropy005_s4_c1_rnetol_d256_depth3_p20_bs200,seed133,133,500,100000,200,16,100.17924116303445,104.06991996979235,100.0232325044609,False,max_epochs,3777.7753088474274
rl4crn_rne_oscillator_trace_8rxn_stop_risksched085to09_lr1e4_entropy005_s4_c1_rnetol_d256_depth3_p20_bs200,seed133,133,501,100200,200,16,100.08450171608294,103.5906212799471,100.0232325044609,False,max_epochs,3781.8413891792297
rl4crn_rne_oscillator_trace_8rxn_stop_risksched085to09_lr1e4_entropy005_s4_c1_rnetol_d256_depth3_p20_bs200,seed133,133,502,100400,200,16,100.1556022445538,105.19305880669909,100.0232325044609,False,max_epochs,3788.7025480270386
rl4crn_rne_oscillator_trace_8rxn_stop_risksched085to09_lr1e4_entropy005_s4_c1_rnetol_d256_depth3_p20_bs200,seed133,133,503,100600,200,16,100.39581675875434,105.81581791848791,100.0232325044609,False,max_epochs,3796.740293979645
rl4crn_rne_oscillator_trace_8rxn_stop_risksched085to09_lr1e4_entropy005_s4_c1_rnetol_d256_depth3_p20_bs200,seed133,133,504,100800,200,16,100.19878029325302,104.27027074090819,100.0232325044609,False,max_epochs,3805.0391232967377
rl4crn_rne_oscillator_trace_8rxn_stop_risksched085to09_lr1e4_entropy005_s4_c1_rnetol_d256_depth3_p20_bs200,seed133,133,505,101000,200,16,100.19874329763063,103.28998282921582,100.0232325044609,False,max_epochs,3812.9052810668945
rl4crn_rne_oscillator_trace_8rxn_stop_risksched085to09_lr1e4_entropy005_s4_c1_rnetol_d256_depth3_p20_bs200,seed133,133,506,101200,200,16,100.05709973948933,104.00355965829695,100.0232325044609,False,max_epochs,3821.1724350452423
rl4crn_rne_oscillator_trace_8rxn_stop_risksched085to09_lr1e4_entropy005_s4_c1_rnetol_d256_depth3_p20_bs200,seed133,133,507,101400,200,16,100.10768580063619,103.97040444512669,100.0232325044609,False,max_epochs,3829.263304233551
rl4crn_rne_oscillator_trace_8rxn_stop_risksched085to09_lr1e4_entropy005_s4_c1_rnetol_d256_depth3_p20_bs200,seed133,133,508,101600,200,16,100.24580384733846,104.23477688201308,100.0232325044609,False,max_epochs,3836.514749765396
rl4crn_rne_oscillator_trace_8rxn_stop_risksched085to09_lr1e4_entropy005_s4_c1_rnetol_d256_depth3_p20_bs200,seed133,133,509,101800,200,16,100.04990629431936,104.05372755535672,100.0232325044609,False,max_epochs,3839.546635389328
rl4crn_rne_oscillator_trace_8rxn_stop_risksched085to09_lr1e4_entropy005_s4_c1_rnetol_d256_depth3_p20_bs200,seed133,133,510,102000,200,16,100.09255728010113,104.35294549534045,100.0232325044609,False,max_epochs,3847.4694736003876
rl4crn_rne_oscillator_trace_8rxn_stop_risksched085to09_lr1e4_entropy005_s4_c1_rnetol_d256_depth3_p20_bs200,seed133,133,511,102200,200,16,100.0806120049145,103.65629656015014,100.0232325044609,False,max_epochs,3855.8058500289917
rl4crn_rne_oscillator_trace_8rxn_stop_risksched085to09_lr1e4_entropy005_s4_c1_rnetol_d256_depth3_p20_bs200,seed133,133,512,102400,200,16,100.07813158574625,103.5906259939359,100.0232325044609,False,max_epochs,3864.1509976387024
rl4crn_rne_oscillator_trace_8rxn_stop_risksched085to09_lr1e4_entropy005_s4_c1_rnetol_d256_depth3_p20_bs200,seed133,133,513,102600,200,16,100.04056346222366,103.17751373944358,100.0232325044609,False,max_epochs,3872.733579158783
rl4crn_rne_oscillator_trace_8rxn_stop_risksched085to09_lr1e4_entropy005_s4_c1_rnetol_d256_depth3_p20_bs200,seed133,133,514,102800,200,16,100.1188404383077,102.96628445421935,100.0232325044609,False,max_epochs,3881.0896475315094
rl4crn_rne_oscillator_trace_8rxn_stop_risksched085to09_lr1e4_entropy005_s4_c1_rnetol_d256_depth3_p20_bs200,seed133,133,515,103000,200,16,100.25059510943288,102.82094162527184,100.0232325044609,False,max_epochs,3888.883458375931
rl4crn_rne_oscillator_trace_8rxn_stop_risksched085to09_lr1e4_entropy005_s4_c1_rnetol_d256_depth3_p20_bs200,seed133,133,516,103200,200,16,100.1854220392972,102.66441192535125,100.0232325044609,False,max_epochs,3897.0398457050323
rl4crn_rne_oscillator_trace_8rxn_stop_risksched085to09_lr1e4_entropy005_s4_c1_rnetol_d256_depth3_p20_bs200,seed133,133,517,103400,200,16,100.19428709379173,103.8721650991605,100.0232325044609,False,max_epochs,3905.1612389087677
rl4crn_rne_oscillator_trace_8rxn_stop_risksched085to09_lr1e4_entropy005_s4_c1_rnetol_d256_depth3_p20_bs200,seed133,133,518,103600,200,16,100.09227342332532,104.36910063564716,100.0232325044609,False,max_epochs,3912.53152179718
rl4crn_rne_oscillator_trace_8rxn_stop_risksched085to09_lr1e4_entropy005_s4_c1_rnetol_d256_depth3_p20_bs200,seed133,133,519,103800,200,16,100.24879456353561,103.2899157538109,100.0232325044609,False,max_epochs,3915.1808972358704
rl4crn_rne_oscillator_trace_8rxn_stop_risksched085to09_lr1e4_entropy005_s4_c1_rnetol_d256_depth3_p20_bs200,seed133,133,520,104000,200,16,100.11545573901469,103.66016604129655,100.0232325044609,False,max_epochs,3923.4252104759216
rl4crn_rne_oscillator_trace_8rxn_stop_risksched085to09_lr1e4_entropy005_s4_c1_rnetol_d256_depth3_p20_bs200,seed133,133,521,104200,200,16,100.61969896876582,104.35336513255265,100.0232325044609,False,max_epochs,3931.7139484882355
rl4crn_rne_oscillator_trace_8rxn_stop_risksched085to09_lr1e4_entropy005_s4_c1_rnetol_d256_depth3_p20_bs200,seed133,133,522,104400,200,16,100.35976585029607,103.57713004607487,100.0232325044609,False,max_epochs,3940.1137380599976
rl4crn_rne_oscillator_trace_8rxn_stop_risksched085to09_lr1e4_entropy005_s4_c1_rnetol_d256_depth3_p20_bs200,seed133,133,523,104600,200,16,100.44424627730288,103.46767223928936,100.0232325044609,False,max_epochs,3948.4891357421875
rl4crn_rne_oscillator_trace_8rxn_stop_risksched085to09_lr1e4_entropy005_s4_c1_rnetol_d256_depth3_p20_bs200,seed133,133,524,104800,200,16,100.04859658846364,103.97312628120136,100.0232325044609,False,max_epochs,3957.237969636917
rl4crn_rne_oscillator_trace_8rxn_stop_risksched085to09_lr1e4_entropy005_s4_c1_rnetol_d256_depth3_p20_bs200,seed133,133,525,105000,200,16,100.3280149611185,103.34576655777508,100.0232325044609,False,max_epochs,3965.328006505966
rl4crn_rne_oscillator_trace_8rxn_stop_risksched085to09_lr1e4_entropy005_s4_c1_rnetol_d256_depth3_p20_bs200,seed133,133,526,105200,200,16,100.14072307049699,104.26522519803972,100.0232325044609,False,max_epochs,3973.5776410102844
rl4crn_rne_oscillator_trace_8rxn_stop_risksched085to09_lr1e4_entropy005_s4_c1_rnetol_d256_depth3_p20_bs200,seed133,133,527,105400,200,16,100.08737634155247,105.36567958465815,100.0232325044609,False,max_epochs,3981.316848754883
rl4crn_rne_oscillator_trace_8rxn_stop_risksched085to09_lr1e4_entropy005_s4_c1_rnetol_d256_depth3_p20_bs200,seed133,133,528,105600,200,16,100.04243699454823,104.33873664968146,100.0232325044609,False,max_epochs,3989.386138677597
rl4crn_rne_oscillator_trace_8rxn_stop_risksched085to09_lr1e4_entropy005_s4_c1_rnetol_d256_depth3_p20_bs200,seed133,133,529,105800,200,16,100.17472774828593,103.76557558477765,100.0232325044609,False,max_epochs,3997.2319605350494
rl4crn_rne_oscillator_trace_8rxn_stop_risksched085to09_lr1e4_entropy005_s4_c1_rnetol_d256_depth3_p20_bs200,seed133,133,530,106000,200,16,100.26892263185464,104.84834610122101,100.0232325044609,False,max_epochs,4003.8698852062225
rl4crn_rne_oscillator_trace_8rxn_stop_risksched085to09_lr1e4_entropy005_s4_c1_rnetol_d256_depth3_p20_bs200,seed133,133,531,106200,200,16,100.02088333581122,104.00487260317726,100.02088333581122,False,max_epochs,4008.021393060684
rl4crn_rne_oscillator_trace_8rxn_stop_risksched085to09_lr1e4_entropy005_s4_c1_rnetol_d256_depth3_p20_bs200,seed133,133,532,106400,200,16,100.24589296198269,104.39692641560895,100.02088333581122,False,max_epochs,4016.294450521469
rl4crn_rne_oscillator_trace_8rxn_stop_risksched085to09_lr1e4_entropy005_s4_c1_rnetol_d256_depth3_p20_bs200,seed133,133,533,106600,200,16,100.27433854339401,104.57177979222902,100.02088333581122,False,max_epochs,4024.5099766254425
rl4crn_rne_oscillator_trace_8rxn_stop_risksched085to09_lr1e4_entropy005_s4_c1_rnetol_d256_depth3_p20_bs200,seed133,133,534,106800,200,16,100.23963847276559,103.38013992728125,100.02088333581122,False,max_epochs,4033.0760293006897
rl4crn_rne_oscillator_trace_8rxn_stop_risksched085to09_lr1e4_entropy005_s4_c1_rnetol_d256_depth3_p20_bs200,seed133,133,535,107000,200,16,100.10166638763602,103.42795742813692,100.02088333581122,False,max_epochs,4041.302720308304
rl4crn_rne_oscillator_trace_8rxn_stop_risksched085to09_lr1e4_entropy005_s4_c1_rnetol_d256_depth3_p20_bs200,seed133,133,536,107200,200,16,100.41564961428024,104.24740013900451,100.02088333581122,False,max_epochs,4049.5972595214844
rl4crn_rne_oscillator_trace_8rxn_stop_risksched085to09_lr1e4_entropy005_s4_c1_rnetol_d256_depth3_p20_bs200,seed133,133,537,107400,200,16,100.07041146528205,103.22344862724223,100.02088333581122,False,max_epochs,4057.9020981788635
rl4crn_rne_oscillator_trace_8rxn_stop_risksched085to09_lr1e4_entropy005_s4_c1_rnetol_d256_depth3_p20_bs200,seed133,133,538,107600,200,16,100.19409495965277,102.66435800304245,100.02088333581122,False,max_epochs,4066.154760122299
rl4crn_rne_oscillator_trace_8rxn_stop_risksched085to09_lr1e4_entropy005_s4_c1_rnetol_d256_depth3_p20_bs200,seed133,133,539,107800,200,16,100.13501432556671,103.59404299089803,100.02088333581122,False,max_epochs,4074.2485678195953
rl4crn_rne_oscillator_trace_8rxn_stop_risksched085to09_lr1e4_entropy005_s4_c1_rnetol_d256_depth3_p20_bs200,seed133,133,540,108000,200,16,100.06630823080984,102.62780248245829,100.02088333581122,False,max_epochs,4082.561473608017
rl4crn_rne_oscillator_trace_8rxn_stop_risksched085to09_lr1e4_entropy005_s4_c1_rnetol_d256_depth3_p20_bs200,seed133,133,541,108200,200,16,100.22662549967869,103.38132674381797,100.02088333581122,False,max_epochs,4090.715758085251
rl4crn_rne_oscillator_trace_8rxn_stop_risksched085to09_lr1e4_entropy005_s4_c1_rnetol_d256_depth3_p20_bs200,seed133,133,542,108400,200,16,100.38052629820291,104.49933002535292,100.02088333581122,False,max_epochs,4097.891219615936
rl4crn_rne_oscillator_trace_8rxn_stop_risksched085to09_lr1e4_entropy005_s4_c1_rnetol_d256_depth3_p20_bs200,seed133,133,543,108600,200,16,100.18637966648167,103.37786620756059,100.02088333581122,False,max_epochs,4100.985316514969
rl4crn_rne_oscillator_trace_8rxn_stop_risksched085to09_lr1e4_entropy005_s4_c1_rnetol_d256_depth3_p20_bs200,seed133,133,544,108800,200,16,100.07255846982144,102.55503847841794,100.02088333581122,False,max_epochs,4109.014623880386
rl4crn_rne_oscillator_trace_8rxn_stop_risksched085to09_lr1e4_entropy005_s4_c1_rnetol_d256_depth3_p20_bs200,seed133,133,545,109000,200,16,100.1122001828144,103.28430950697569,100.02088333581122,False,max_epochs,4117.252458572388
rl4crn_rne_oscillator_trace_8rxn_stop_risksched085to09_lr1e4_entropy005_s4_c1_rnetol_d256_depth3_p20_bs200,seed133,133,546,109200,200,16,100.08010067622351,102.83109644999429,100.02088333581122,False,max_epochs,4125.676842212677
rl4crn_rne_oscillator_trace_8rxn_stop_risksched085to09_lr1e4_entropy005_s4_c1_rnetol_d256_depth3_p20_bs200,seed133,133,547,109400,200,16,100.13166685744706,103.18182773661644,100.02088333581122,False,max_epochs,4133.498471736908
rl4crn_rne_oscillator_trace_8rxn_stop_risksched085to09_lr1e4_entropy005_s4_c1_rnetol_d256_depth3_p20_bs200,seed133,133,548,109600,200,16,100.26424907149315,103.30331444172128,100.02088333581122,False,max_epochs,4141.5916295051575
rl4crn_rne_oscillator_trace_8rxn_stop_risksched085to09_lr1e4_entropy005_s4_c1_rnetol_d256_depth3_p20_bs200,seed133,133,549,109800,200,16,100.0818937786835,102.87044741999301,100.02088333581122,False,max_epochs,4148.994783639908
rl4crn_rne_oscillator_trace_8rxn_stop_risksched085to09_lr1e4_entropy005_s4_c1_rnetol_d256_depth3_p20_bs200,seed133,133,550,110000,200,16,100.1939536862433,103.85286941526684,100.02088333581122,False,max_epochs,4151.976429700851
rl4crn_rne_oscillator_trace_8rxn_stop_risksched085to09_lr1e4_entropy005_s4_c1_rnetol_d256_depth3_p20_bs200,seed133,133,551,110200,200,16,100.27184264216316,104.164513806337,100.02088333581122,False,max_epochs,4159.917611122131
rl4crn_rne_oscillator_trace_8rxn_stop_risksched085to09_lr1e4_entropy005_s4_c1_rnetol_d256_depth3_p20_bs200,seed133,133,552,110400,200,16,100.26451157994607,103.444557486224,100.02088333581122,False,max_epochs,4168.3942086696625
rl4crn_rne_oscillator_trace_8rxn_stop_risksched085to09_lr1e4_entropy005_s4_c1_rnetol_d256_depth3_p20_bs200,seed133,133,553,110600,200,16,100.11362404435195,102.80838869706001,100.02088333581122,False,max_epochs,4176.468694925308
rl4crn_rne_oscillator_trace_8rxn_stop_risksched085to09_lr1e4_entropy005_s4_c1_rnetol_d256_depth3_p20_bs200,seed133,133,554,110800,200,16,100.04998823516932,103.85215006230607,100.02088333581122,False,max_epochs,4184.606621265411
rl4crn_rne_oscillator_trace_8rxn_stop_risksched085to09_lr1e4_entropy005_s4_c1_rnetol_d256_depth3_p20_bs200,seed133,133,555,111000,200,16,100.29328426268798,103.3030719679014,100.02088333581122,False,max_epochs,4192.573427915573
rl4crn_rne_oscillator_trace_8rxn_stop_risksched085to09_lr1e4_entropy005_s4_c1_rnetol_d256_depth3_p20_bs200,seed133,133,556,111200,200,16,100.12084571243842,103.26084240030579,100.02088333581122,False,max_epochs,4200.675325632095
rl4crn_rne_oscillator_trace_8rxn_stop_risksched085to09_lr1e4_entropy005_s4_c1_rnetol_d256_depth3_p20_bs200,seed133,133,557,111400,200,16,100.15948870786863,103.17970738114644,100.02088333581122,False,max_epochs,4208.494834661484
rl4crn_rne_oscillator_trace_8rxn_stop_risksched085to09_lr1e4_entropy005_s4_c1_rnetol_d256_depth3_p20_bs200,seed133,133,558,111600,200,16,100.15066721932166,102.72674044361997,100.02088333581122,False,max_epochs,4214.129485368729
rl4crn_rne_oscillator_trace_8rxn_stop_risksched085to09_lr1e4_entropy005_s4_c1_rnetol_d256_depth3_p20_bs200,seed133,133,559,111800,200,16,100.18970411516585,102.8602150155158,100.02088333581122,False,max_epochs,4218.930986404419
rl4crn_rne_oscillator_trace_8rxn_stop_risksched085to09_lr1e4_entropy005_s4_c1_rnetol_d256_depth3_p20_bs200,seed133,133,560,112000,200,16,100.07348708196912,102.57040179780654,100.02088333581122,False,max_epochs,4227.212418317795
rl4crn_rne_oscillator_trace_8rxn_stop_risksched085to09_lr1e4_entropy005_s4_c1_rnetol_d256_depth3_p20_bs200,seed133,133,561,112200,200,16,100.08488503710072,102.44182017291585,100.02088333581122,False,max_epochs,4234.613608598709
rl4crn_rne_oscillator_trace_8rxn_stop_risksched085to09_lr1e4_entropy005_s4_c1_rnetol_d256_depth3_p20_bs200,seed133,133,562,112400,200,16,100.09595080856722,102.48216911741252,100.02088333581122,False,max_epochs,4242.426690578461
rl4crn_rne_oscillator_trace_8rxn_stop_risksched085to09_lr1e4_entropy005_s4_c1_rnetol_d256_depth3_p20_bs200,seed133,133,563,112600,200,16,100.12892817270041,103.8643355018221,100.02088333581122,False,max_epochs,4250.451009511948
rl4crn_rne_oscillator_trace_8rxn_stop_risksched085to09_lr1e4_entropy005_s4_c1_rnetol_d256_depth3_p20_bs200,seed133,133,564,112800,200,16,100.11980745318048,102.97293107354147,100.02088333581122,False,max_epochs,4257.63365316391
rl4crn_rne_oscillator_trace_8rxn_stop_risksched085to09_lr1e4_entropy005_s4_c1_rnetol_d256_depth3_p20_bs200,seed133,133,565,113000,200,16,100.10560282370265,102.76949810400708,100.02088333581122,False,max_epochs,4260.74164891243
rl4crn_rne_oscillator_trace_8rxn_stop_risksched085to09_lr1e4_entropy005_s4_c1_rnetol_d256_depth3_p20_bs200,seed133,133,566,113200,200,16,100.0385230259426,103.06877276350525,100.02088333581122,False,max_epochs,4268.623432159424
rl4crn_rne_oscillator_trace_8rxn_stop_risksched085to09_lr1e4_entropy005_s4_c1_rnetol_d256_depth3_p20_bs200,seed133,133,567,113400,200,16,100.07175759354868,102.20347954392403,100.02088333581122,False,max_epochs,4276.580518007278
rl4crn_rne_oscillator_trace_8rxn_stop_risksched085to09_lr1e4_entropy005_s4_c1_rnetol_d256_depth3_p20_bs200,seed133,133,568,113600,200,16,100.16952396192968,102.10752135606234,100.02088333581122,False,max_epochs,4285.2892961502075
rl4crn_rne_oscillator_trace_8rxn_stop_risksched085to09_lr1e4_entropy005_s4_c1_rnetol_d256_depth3_p20_bs200,seed133,133,569,113800,200,16,100.25304228576024,103.32007088684517,100.02088333581122,False,max_epochs,4293.923761844635
rl4crn_rne_oscillator_trace_8rxn_stop_risksched085to09_lr1e4_entropy005_s4_c1_rnetol_d256_depth3_p20_bs200,seed133,133,570,114000,200,16,100.15949816992773,103.3194441520043,100.02088333581122,False,max_epochs,4302.377013683319
rl4crn_rne_oscillator_trace_8rxn_stop_risksched085to09_lr1e4_entropy005_s4_c1_rnetol_d256_depth3_p20_bs200,seed133,133,571,114200,200,16,100.10488551289905,103.44613358290295,100.02088333581122,False,max_epochs,4310.420410633087
rl4crn_rne_oscillator_trace_8rxn_stop_risksched085to09_lr1e4_entropy005_s4_c1_rnetol_d256_depth3_p20_bs200,seed133,133,572,114400,200,16,100.15954948436756,105.13460325879987,100.02088333581122,False,max_epochs,4318.585862874985
rl4crn_rne_oscillator_trace_8rxn_stop_risksched085to09_lr1e4_entropy005_s4_c1_rnetol_d256_depth3_p20_bs200,seed133,133,573,114600,200,16,100.37817199213572,104.82662800500817,100.02088333581122,False,max_epochs,4326.822713851929
rl4crn_rne_oscillator_trace_8rxn_stop_risksched085to09_lr1e4_entropy005_s4_c1_rnetol_d256_depth3_p20_bs200,seed133,133,574,114800,200,16,100.15730049997595,102.76304946019354,100.02088333581122,False,max_epochs,4334.555900812149
rl4crn_rne_oscillator_trace_8rxn_stop_risksched085to09_lr1e4_entropy005_s4_c1_rnetol_d256_depth3_p20_bs200,seed133,133,575,115000,200,16,100.38126138925958,104.1904786910523,100.02088333581122,False,max_epochs,4342.240169286728
rl4crn_rne_oscillator_trace_8rxn_stop_risksched085to09_lr1e4_entropy005_s4_c1_rnetol_d256_depth3_p20_bs200,seed133,133,576,115200,200,16,100.07115404940348,105.51394637924818,100.02088333581122,False,max_epochs,4345.13453412056
rl4crn_rne_oscillator_trace_8rxn_stop_risksched085to09_lr1e4_entropy005_s4_c1_rnetol_d256_depth3_p20_bs200,seed133,133,577,115400,200,16,100.1670574733338,104.53054936932324,100.02088333581122,False,max_epochs,4352.414176940918
rl4crn_rne_oscillator_trace_8rxn_stop_risksched085to09_lr1e4_entropy005_s4_c1_rnetol_d256_depth3_p20_bs200,seed133,133,578,115600,200,16,100.09852305305955,103.2699812454709,100.02088333581122,False,max_epochs,4361.165794849396
rl4crn_rne_oscillator_trace_8rxn_stop_risksched085to09_lr1e4_entropy005_s4_c1_rnetol_d256_depth3_p20_bs200,seed133,133,579,115800,200,16,100.24049331647497,105.76973294860801,100.02088333581122,False,max_epochs,4369.398662567139
rl4crn_rne_oscillator_trace_8rxn_stop_risksched085to09_lr1e4_entropy005_s4_c1_rnetol_d256_depth3_p20_bs200,seed133,133,580,116000,200,16,100.2225901746889,108.79578692200369,100.02088333581122,False,max_epochs,4377.573060274124
rl4crn_rne_oscillator_trace_8rxn_stop_risksched085to09_lr1e4_entropy005_s4_c1_rnetol_d256_depth3_p20_bs200,seed133,133,581,116200,200,16,100.39204363409382,106.88279106372036,100.02088333581122,False,max_epochs,4385.9850351810455
rl4crn_rne_oscillator_trace_8rxn_stop_risksched085to09_lr1e4_entropy005_s4_c1_rnetol_d256_depth3_p20_bs200,seed133,133,582,116400,200,16,100.43049968577662,104.91319099730643,100.02088333581122,False,max_epochs,4394.132954120636
rl4crn_rne_oscillator_trace_8rxn_stop_risksched085to09_lr1e4_entropy005_s4_c1_rnetol_d256_depth3_p20_bs200,seed133,133,583,116600,200,16,100.19418097095146,103.65090219521161,100.02088333581122,False,max_epochs,4402.12237405777
rl4crn_rne_oscillator_trace_8rxn_stop_risksched085to09_lr1e4_entropy005_s4_c1_rnetol_d256_depth3_p20_bs200,seed133,133,584,116800,200,16,100.38919161681505,104.83934308363686,100.02088333581122,False,max_epochs,4409.887638568878
rl4crn_rne_oscillator_trace_8rxn_stop_risksched085to09_lr1e4_entropy005_s4_c1_rnetol_d256_depth3_p20_bs200,seed133,133,585,117000,200,16,100.43565020263264,103.91095256391193,100.02088333581122,False,max_epochs,4412.6901025772095
rl4crn_rne_oscillator_trace_8rxn_stop_risksched085to09_lr1e4_entropy005_s4_c1_rnetol_d256_depth3_p20_bs200,seed133,133,586,117200,200,16,100.444714583831,104.19408808994825,100.02088333581122,False,max_epochs,4420.121420145035
rl4crn_rne_oscillator_trace_8rxn_stop_risksched085to09_lr1e4_entropy005_s4_c1_rnetol_d256_depth3_p20_bs200,seed133,133,587,117400,200,16,100.35988431188349,106.39643588975346,100.02088333581122,False,max_epochs,4428.117491006851
rl4crn_rne_oscillator_trace_8rxn_stop_risksched085to09_lr1e4_entropy005_s4_c1_rnetol_d256_depth3_p20_bs200,seed133,133,588,117600,200,16,100.51635829635751,107.59440360196963,100.02088333581122,False,max_epochs,4436.159830093384
rl4crn_rne_oscillator_trace_8rxn_stop_risksched085to09_lr1e4_entropy005_s4_c1_rnetol_d256_depth3_p20_bs200,seed133,133,589,117800,200,16,100.26885985020998,105.86216538302773,100.02088333581122,False,max_epochs,4444.225751399994
rl4crn_rne_oscillator_trace_8rxn_stop_risksched085to09_lr1e4_entropy005_s4_c1_rnetol_d256_depth3_p20_bs200,seed133,133,590,118000,200,16,100.56314502979578,104.39665822066641,100.02088333581122,False,max_epochs,4452.2448387146
rl4crn_rne_oscillator_trace_8rxn_stop_risksched085to09_lr1e4_entropy005_s4_c1_rnetol_d256_depth3_p20_bs200,seed133,133,591,118200,200,16,100.30485743263975,103.90883825105924,100.02088333581122,False,max_epochs,4459.756051540375
rl4crn_rne_oscillator_trace_8rxn_stop_risksched085to09_lr1e4_entropy005_s4_c1_rnetol_d256_depth3_p20_bs200,seed133,133,592,118400,200,16,100.11525410586472,105.2658091564791,100.02088333581122,False,max_epochs,4462.521157026291
rl4crn_rne_oscillator_trace_8rxn_stop_risksched085to09_lr1e4_entropy005_s4_c1_rnetol_d256_depth3_p20_bs200,seed133,133,593,118600,200,16,100.34041580762212,105.1226960759457,100.02088333581122,False,max_epochs,4470.481145620346
rl4crn_rne_oscillator_trace_8rxn_stop_risksched085to09_lr1e4_entropy005_s4_c1_rnetol_d256_depth3_p20_bs200,seed133,133,594,118800,200,16,100.11002255571617,104.01888439328626,100.02088333581122,False,max_epochs,4478.6161236763
rl4crn_rne_oscillator_trace_8rxn_stop_risksched085to09_lr1e4_entropy005_s4_c1_rnetol_d256_depth3_p20_bs200,seed133,133,595,119000,200,16,100.2113765870815,103.84796692528685,100.02088333581122,False,max_epochs,4486.4458475112915
rl4crn_rne_oscillator_trace_8rxn_stop_risksched085to09_lr1e4_entropy005_s4_c1_rnetol_d256_depth3_p20_bs200,seed133,133,596,119200,200,16,100.05846360086584,104.49944300996313,100.02088333581122,False,max_epochs,4494.487334012985
rl4crn_rne_oscillator_trace_8rxn_stop_risksched085to09_lr1e4_entropy005_s4_c1_rnetol_d256_depth3_p20_bs200,seed133,133,597,119400,200,16,100.24803085338532,104.02211447164527,100.02088333581122,False,max_epochs,4502.238421678543
rl4crn_rne_oscillator_trace_8rxn_stop_risksched085to09_lr1e4_entropy005_s4_c1_rnetol_d256_depth3_p20_bs200,seed133,133,598,119600,200,16,100.23635275705115,103.27857803102611,100.02088333581122,False,max_epochs,4505.37086391449
rl4crn_rne_oscillator_trace_8rxn_stop_risksched085to09_lr1e4_entropy005_s4_c1_rnetol_d256_depth3_p20_bs200,seed133,133,599,119800,200,16,100.24857651256494,103.7314393542681,100.02088333581122,False,max_epochs,4512.820805549622
rl4crn_rne_oscillator_trace_8rxn_stop_risksched085to09_lr1e4_entropy005_s4_c1_rnetol_d256_depth3_p20_bs200,seed133,133,600,120000,200,16,100.0782576298173,104.36346229320039,100.02088333581122,False,max_epochs,4521.0737657547
rl4crn_rne_oscillator_trace_8rxn_stop_risksched085to09_lr1e4_entropy005_s4_c1_rnetol_d256_depth3_p20_bs200,seed133,133,601,120200,200,16,100.29972421026032,103.73256386209292,100.02088333581122,False,max_epochs,4529.1184804439545
rl4crn_rne_oscillator_trace_8rxn_stop_risksched085to09_lr1e4_entropy005_s4_c1_rnetol_d256_depth3_p20_bs200,seed133,133,602,120400,200,16,100.16365143467107,103.14357621292213,100.02088333581122,False,max_epochs,4537.275255680084
rl4crn_rne_oscillator_trace_8rxn_stop_risksched085to09_lr1e4_entropy005_s4_c1_rnetol_d256_depth3_p20_bs200,seed133,133,603,120600,200,16,100.24575726880377,104.47719520571165,100.02088333581122,False,max_epochs,4545.382454633713
rl4crn_rne_oscillator_trace_8rxn_stop_risksched085to09_lr1e4_entropy005_s4_c1_rnetol_d256_depth3_p20_bs200,seed133,133,604,120800,200,16,100.19680170075736,105.79853261331318,100.02088333581122,False,max_epochs,4553.513246297836
rl4crn_rne_oscillator_trace_8rxn_stop_risksched085to09_lr1e4_entropy005_s4_c1_rnetol_d256_depth3_p20_bs200,seed133,133,605,121000,200,16,100.08175023475911,105.57698700304122,100.02088333581122,False,max_epochs,4558.617648839951
rl4crn_rne_oscillator_trace_8rxn_stop_risksched085to09_lr1e4_entropy005_s4_c1_rnetol_d256_depth3_p20_bs200,seed133,133,606,121200,200,16,100.12874680214253,103.94179420783745,100.02088333581122,False,max_epochs,4563.941139221191
rl4crn_rne_oscillator_trace_8rxn_stop_risksched085to09_lr1e4_entropy005_s4_c1_rnetol_d256_depth3_p20_bs200,seed133,133,607,121400,200,16,100.26444972649112,103.45052492027892,100.02088333581122,False,max_epochs,4572.113368034363
rl4crn_rne_oscillator_trace_8rxn_stop_risksched085to09_lr1e4_entropy005_s4_c1_rnetol_d256_depth3_p20_bs200,seed133,133,608,121600,200,16,100.26066691117968,104.26234102861137,100.02088333581122,False,max_epochs,4580.097346067429
rl4crn_rne_oscillator_trace_8rxn_stop_risksched085to09_lr1e4_entropy005_s4_c1_rnetol_d256_depth3_p20_bs200,seed133,133,609,121800,200,16,100.37476088697505,103.8253825281279,100.02088333581122,False,max_epochs,4588.233528375626
rl4crn_rne_oscillator_trace_8rxn_stop_risksched085to09_lr1e4_entropy005_s4_c1_rnetol_d256_depth3_p20_bs200,seed133,133,610,122000,200,16,100.22947520241661,103.30709260532694,100.02088333581122,False,max_epochs,4596.154913663864
rl4crn_rne_oscillator_trace_8rxn_stop_risksched085to09_lr1e4_entropy005_s4_c1_rnetol_d256_depth3_p20_bs200,seed133,133,611,122200,200,16,100.1478844920872,104.79733555581794,100.02088333581122,False,max_epochs,4604.165386199951
rl4crn_rne_oscillator_trace_8rxn_stop_risksched085to09_lr1e4_entropy005_s4_c1_rnetol_d256_depth3_p20_bs200,seed133,133,612,122400,200,16,100.54172364953827,105.94204172394839,100.02088333581122,False,max_epochs,4606.974329710007
rl4crn_rne_oscillator_trace_8rxn_stop_risksched085to09_lr1e4_entropy005_s4_c1_rnetol_d256_depth3_p20_bs200,seed133,133,613,122600,200,16,100.14203045698929,104.99096638692662,100.02088333581122,False,max_epochs,4614.744433164597
rl4crn_rne_oscillator_trace_8rxn_stop_risksched085to09_lr1e4_entropy005_s4_c1_rnetol_d256_depth3_p20_bs200,seed133,133,614,122800,200,16,100.25309549242745,103.43114383371503,100.02088333581122,False,max_epochs,4623.612742185593
rl4crn_rne_oscillator_trace_8rxn_stop_risksched085to09_lr1e4_entropy005_s4_c1_rnetol_d256_depth3_p20_bs200,seed133,133,615,123000,200,16,100.10567979454412,103.75219459590554,100.02088333581122,False,max_epochs,4632.110901117325
rl4crn_rne_oscillator_trace_8rxn_stop_risksched085to09_lr1e4_entropy005_s4_c1_rnetol_d256_depth3_p20_bs200,seed133,133,616,123200,200,16,100.01137866586026,104.91807263068351,100.01137866586026,False,max_epochs,4640.577855348587
rl4crn_rne_oscillator_trace_8rxn_stop_risksched085to09_lr1e4_entropy005_s4_c1_rnetol_d256_depth3_p20_bs200,seed133,133,617,123400,200,16,100.23068805122186,104.39558648596491,100.01137866586026,False,max_epochs,4648.943635463715
rl4crn_rne_oscillator_trace_8rxn_stop_risksched085to09_lr1e4_entropy005_s4_c1_rnetol_d256_depth3_p20_bs200,seed133,133,618,123600,200,16,100.23895263924955,103.5727168575914,100.01137866586026,False,max_epochs,4656.864449739456
rl4crn_rne_oscillator_trace_8rxn_stop_risksched085to09_lr1e4_entropy005_s4_c1_rnetol_d256_depth3_p20_bs200,seed133,133,619,123800,200,16,100.09575438649277,104.19721624157404,100.01137866586026,False,max_epochs,4664.987796545029
rl4crn_rne_oscillator_trace_8rxn_stop_risksched085to09_lr1e4_entropy005_s4_c1_rnetol_d256_depth3_p20_bs200,seed133,133,620,124000,200,16,100.35611328662264,106.24465433319264,100.01137866586026,False,max_epochs,4673.487658262253
rl4crn_rne_oscillator_trace_8rxn_stop_risksched085to09_lr1e4_entropy005_s4_c1_rnetol_d256_depth3_p20_bs200,seed133,133,621,124200,200,16,100.06345141453325,104.88065808947016,100.01137866586026,False,max_epochs,4681.546467781067
rl4crn_rne_oscillator_trace_8rxn_stop_risksched085to09_lr1e4_entropy005_s4_c1_rnetol_d256_depth3_p20_bs200,seed133,133,622,124400,200,16,100.03739841742136,104.22719560925333,100.01137866586026,False,max_epochs,4689.756428480148
rl4crn_rne_oscillator_trace_8rxn_stop_risksched085to09_lr1e4_entropy005_s4_c1_rnetol_d256_depth3_p20_bs200,seed133,133,623,124600,200,16,100.14613264532852,103.91149091757939,100.01137866586026,False,max_epochs,4696.590231180191
rl4crn_rne_oscillator_trace_8rxn_stop_risksched085to09_lr1e4_entropy005_s4_c1_rnetol_d256_depth3_p20_bs200,seed133,133,624,124800,200,16,100.06705806527998,104.09191023439753,100.01137866586026,False,max_epochs,4699.883999586105
rl4crn_rne_oscillator_trace_8rxn_stop_risksched085to09_lr1e4_entropy005_s4_c1_rnetol_d256_depth3_p20_bs200,seed133,133,625,125000,200,16,100.33306948531228,103.50791379570825,100.01137866586026,False,max_epochs,4708.073615789413
rl4crn_rne_oscillator_trace_8rxn_stop_risksched085to09_lr1e4_entropy005_s4_c1_rnetol_d256_depth3_p20_bs200,seed133,133,626,125200,200,16,100.19450319476061,103.87028518095349,100.01137866586026,False,max_epochs,4716.637939214706
rl4crn_rne_oscillator_trace_8rxn_stop_risksched085to09_lr1e4_entropy005_s4_c1_rnetol_d256_depth3_p20_bs200,seed133,133,627,125400,200,16,100.12658066462176,103.96111506636987,100.01137866586026,False,max_epochs,4724.780262470245
rl4crn_rne_oscillator_trace_8rxn_stop_risksched085to09_lr1e4_entropy005_s4_c1_rnetol_d256_depth3_p20_bs200,seed133,133,628,125600,200,16,100.09566500667061,103.94468167951507,100.01137866586026,False,max_epochs,4733.102128267288
rl4crn_rne_oscillator_trace_8rxn_stop_risksched085to09_lr1e4_entropy005_s4_c1_rnetol_d256_depth3_p20_bs200,seed133,133,629,125800,200,16,100.10694230958093,103.45082089031385,100.01137866586026,False,max_epochs,4741.117475986481
rl4crn_rne_oscillator_trace_8rxn_stop_risksched085to09_lr1e4_entropy005_s4_c1_rnetol_d256_depth3_p20_bs200,seed133,133,630,126000,200,16,100.13476583737953,102.65714940735634,100.01137866586026,False,max_epochs,4749.268854141235
rl4crn_rne_oscillator_trace_8rxn_stop_risksched085to09_lr1e4_entropy005_s4_c1_rnetol_d256_depth3_p20_bs200,seed133,133,631,126200,200,16,100.3617777798855,103.13437100307266,100.01137866586026,False,max_epochs,4757.145341396332
rl4crn_rne_oscillator_trace_8rxn_stop_risksched085to09_lr1e4_entropy005_s4_c1_rnetol_d256_depth3_p20_bs200,seed133,133,632,126400,200,16,100.1987954906306,103.58286626774385,100.01137866586026,False,max_epochs,4760.02320432663
rl4crn_rne_oscillator_trace_8rxn_stop_risksched085to09_lr1e4_entropy005_s4_c1_rnetol_d256_depth3_p20_bs200,seed133,133,633,126600,200,16,100.22098035228916,103.2347346351832,100.01137866586026,False,max_epochs,4766.953110218048
rl4crn_rne_oscillator_trace_8rxn_stop_risksched085to09_lr1e4_entropy005_s4_c1_rnetol_d256_depth3_p20_bs200,seed133,133,634,126800,200,16,100.18141192055553,103.32475973390046,100.01137866586026,False,max_epochs,4775.066489696503
rl4crn_rne_oscillator_trace_8rxn_stop_risksched085to09_lr1e4_entropy005_s4_c1_rnetol_d256_depth3_p20_bs200,seed133,133,635,127000,200,16,100.23426772416077,104.496746352544,100.01137866586026,False,max_epochs,4782.793548345566
rl4crn_rne_oscillator_trace_8rxn_stop_risksched085to09_lr1e4_entropy005_s4_c1_rnetol_d256_depth3_p20_bs200,seed133,133,636,127200,200,16,100.07359635098587,103.51411066030025,100.01137866586026,False,max_epochs,4791.333777666092
rl4crn_rne_oscillator_trace_8rxn_stop_risksched085to09_lr1e4_entropy005_s4_c1_rnetol_d256_depth3_p20_bs200,seed133,133,637,127400,200,16,100.13291436994975,102.7617603704752,100.01137866586026,False,max_epochs,4799.282064914703
rl4crn_rne_oscillator_trace_8rxn_stop_risksched085to09_lr1e4_entropy005_s4_c1_rnetol_d256_depth3_p20_bs200,seed133,133,638,127600,200,16,100.1232846685125,102.9819909960926,100.01137866586026,False,max_epochs,4807.283761024475
rl4crn_rne_oscillator_trace_8rxn_stop_risksched085to09_lr1e4_entropy005_s4_c1_rnetol_d256_depth3_p20_bs200,seed133,133,639,127800,200,16,100.126980884565,103.63057827739456,100.01137866586026,False,max_epochs,4814.610035419464
rl4crn_rne_oscillator_trace_8rxn_stop_risksched085to09_lr1e4_entropy005_s4_c1_rnetol_d256_depth3_p20_bs200,seed133,133,640,128000,200,16,100.03022710938909,103.2416252719909,100.01137866586026,False,max_epochs,4817.419105768204
rl4crn_rne_oscillator_trace_8rxn_stop_risksched085to09_lr1e4_entropy005_s4_c1_rnetol_d256_depth3_p20_bs200,seed133,133,641,128200,200,16,100.14728322564066,102.36222650205573,100.01137866586026,False,max_epochs,4825.081384897232
rl4crn_rne_oscillator_trace_8rxn_stop_risksched085to09_lr1e4_entropy005_s4_c1_rnetol_d256_depth3_p20_bs200,seed133,133,642,128400,200,16,100.03844523401955,102.70101135657987,100.01137866586026,False,max_epochs,4833.502845525742
rl4crn_rne_oscillator_trace_8rxn_stop_risksched085to09_lr1e4_entropy005_s4_c1_rnetol_d256_depth3_p20_bs200,seed133,133,643,128600,200,16,100.14608300676028,102.51514370693181,100.01137866586026,False,max_epochs,4841.283589839935
rl4crn_rne_oscillator_trace_8rxn_stop_risksched085to09_lr1e4_entropy005_s4_c1_rnetol_d256_depth3_p20_bs200,seed133,133,644,128800,200,16,100.08907764874166,101.78727599139262,100.01137866586026,False,max_epochs,4849.433869838715
rl4crn_rne_oscillator_trace_8rxn_stop_risksched085to09_lr1e4_entropy005_s4_c1_rnetol_d256_depth3_p20_bs200,seed133,133,645,129000,200,16,100.19011277156565,103.67836029334725,100.01137866586026,False,max_epochs,4857.153683662415
rl4crn_rne_oscillator_trace_8rxn_stop_risksched085to09_lr1e4_entropy005_s4_c1_rnetol_d256_depth3_p20_bs200,seed133,133,646,129200,200,16,100.20210281496591,103.96305670703785,100.01137866586026,False,max_epochs,4864.891978025436
rl4crn_rne_oscillator_trace_8rxn_stop_risksched085to09_lr1e4_entropy005_s4_c1_rnetol_d256_depth3_p20_bs200,seed133,133,647,129400,200,16,100.27871130106391,103.19739583834483,100.01137866586026,False,max_epochs,4872.512815237045
rl4crn_rne_oscillator_trace_8rxn_stop_risksched085to09_lr1e4_entropy005_s4_c1_rnetol_d256_depth3_p20_bs200,seed133,133,648,129600,200,16,100.04638770874564,102.41034730221014,100.01137866586026,False,max_epochs,4877.081120252609
rl4crn_rne_oscillator_trace_8rxn_stop_risksched085to09_lr1e4_entropy005_s4_c1_rnetol_d256_depth3_p20_bs200,seed133,133,649,129800,200,16,100.12917441705906,102.77192998410112,100.01137866586026,False,max_epochs,4882.681543827057
rl4crn_rne_oscillator_trace_8rxn_stop_risksched085to09_lr1e4_entropy005_s4_c1_rnetol_d256_depth3_p20_bs200,seed133,133,650,130000,200,16,100.05679842924333,102.2909693745236,100.01137866586026,False,max_epochs,4890.5931169986725
rl4crn_rne_oscillator_trace_8rxn_stop_risksched085to09_lr1e4_entropy005_s4_c1_rnetol_d256_depth3_p20_bs200,seed133,133,651,130200,200,16,100.01460403010597,102.39928446411224,100.01137866586026,False,max_epochs,4899.046815156937
rl4crn_rne_oscillator_trace_8rxn_stop_risksched085to09_lr1e4_entropy005_s4_c1_rnetol_d256_depth3_p20_bs200,seed133,133,652,130400,200,16,100.1504085038943,102.96893851103357,100.01137866586026,False,max_epochs,4907.013494491577
rl4crn_rne_oscillator_trace_8rxn_stop_risksched085to09_lr1e4_entropy005_s4_c1_rnetol_d256_depth3_p20_bs200,seed133,133,653,130600,200,16,100.02546315757712,101.8239377809789,100.01137866586026,False,max_epochs,4915.13169670105
rl4crn_rne_oscillator_trace_8rxn_stop_risksched085to09_lr1e4_entropy005_s4_c1_rnetol_d256_depth3_p20_bs200,seed133,133,654,130800,200,16,100.1175937730849,103.1672405026171,100.01137866586026,False,max_epochs,4923.260163068771
rl4crn_rne_oscillator_trace_8rxn_stop_risksched085to09_lr1e4_entropy005_s4_c1_rnetol_d256_depth3_p20_bs200,seed133,133,655,131000,200,16,100.24338416038054,105.19472131076307,100.01137866586026,False,max_epochs,4930.409193992615
rl4crn_rne_oscillator_trace_8rxn_stop_risksched085to09_lr1e4_entropy005_s4_c1_rnetol_d256_depth3_p20_bs200,seed133,133,656,131200,200,16,100.0769030953554,104.1561673297533,100.01137866586026,False,max_epochs,4933.348987579346
rl4crn_rne_oscillator_trace_8rxn_stop_risksched085to09_lr1e4_entropy005_s4_c1_rnetol_d256_depth3_p20_bs200,seed133,133,657,131400,200,16,100.1902096433539,103.16699594976566,100.01137866586026,False,max_epochs,4941.656868696213
rl4crn_rne_oscillator_trace_8rxn_stop_risksched085to09_lr1e4_entropy005_s4_c1_rnetol_d256_depth3_p20_bs200,seed133,133,658,131600,200,16,100.14347906957798,102.96050278018853,100.01137866586026,False,max_epochs,4949.572984933853
rl4crn_rne_oscillator_trace_8rxn_stop_risksched085to09_lr1e4_entropy005_s4_c1_rnetol_d256_depth3_p20_bs200,seed133,133,659,131800,200,16,100.1311300347073,102.85817462531233,100.01137866586026,False,max_epochs,4957.556297779083
rl4crn_rne_oscillator_trace_8rxn_stop_risksched085to09_lr1e4_entropy005_s4_c1_rnetol_d256_depth3_p20_bs200,seed133,133,660,132000,200,16,100.20311253685563,103.0081497702113,100.01137866586026,False,max_epochs,4965.698307991028
rl4crn_rne_oscillator_trace_8rxn_stop_risksched085to09_lr1e4_entropy005_s4_c1_rnetol_d256_depth3_p20_bs200,seed133,133,661,132200,200,16,100.2470939963732,103.63055449986481,100.01137866586026,False,max_epochs,4973.779948949814
rl4crn_rne_oscillator_trace_8rxn_stop_risksched085to09_lr1e4_entropy005_s4_c1_rnetol_d256_depth3_p20_bs200,seed133,133,662,132400,200,16,100.12008203345361,102.81702817759779,100.01137866586026,False,max_epochs,4978.905374288559
rl4crn_rne_oscillator_trace_8rxn_stop_risksched085to09_lr1e4_entropy005_s4_c1_rnetol_d256_depth3_p20_bs200,seed133,133,663,132600,200,16,100.10788298491727,102.85454003784628,100.01137866586026,False,max_epochs,4984.275133132935
rl4crn_rne_oscillator_trace_8rxn_stop_risksched085to09_lr1e4_entropy005_s4_c1_rnetol_d256_depth3_p20_bs200,seed133,133,664,132800,200,16,100.30191763748063,103.11909505071017,100.01137866586026,False,max_epochs,4992.202367305756
rl4crn_rne_oscillator_trace_8rxn_stop_risksched085to09_lr1e4_entropy005_s4_c1_rnetol_d256_depth3_p20_bs200,seed133,133,665,133000,200,16,100.05666186768867,103.13916765910375,100.01137866586026,False,max_epochs,5000.105193853378
rl4crn_rne_oscillator_trace_8rxn_stop_risksched085to09_lr1e4_entropy005_s4_c1_rnetol_d256_depth3_p20_bs200,seed133,133,666,133200,200,16,100.12579690754617,102.95130144941767,100.01137866586026,False,max_epochs,5008.6438953876495
rl4crn_rne_oscillator_trace_8rxn_stop_risksched085to09_lr1e4_entropy005_s4_c1_rnetol_d256_depth3_p20_bs200,seed133,133,667,133400,200,16,100.16639728793828,103.50009400337684,100.01137866586026,False,max_epochs,5016.903879642487
rl4crn_rne_oscillator_trace_8rxn_stop_risksched085to09_lr1e4_entropy005_s4_c1_rnetol_d256_depth3_p20_bs200,seed133,133,668,133600,200,16,100.14892078959453,103.16026351862156,100.01137866586026,False,max_epochs,5025.10337638855
rl4crn_rne_oscillator_trace_8rxn_stop_risksched085to09_lr1e4_entropy005_s4_c1_rnetol_d256_depth3_p20_bs200,seed133,133,669,133800,200,16,100.10325968522817,102.72277657759452,100.01137866586026,False,max_epochs,5033.106952667236
rl4crn_rne_oscillator_trace_8rxn_stop_risksched085to09_lr1e4_entropy005_s4_c1_rnetol_d256_depth3_p20_bs200,seed133,133,670,134000,200,16,100.25057968550128,102.64974713876666,100.01137866586026,False,max_epochs,5041.005985498428
rl4crn_rne_oscillator_trace_8rxn_stop_risksched085to09_lr1e4_entropy005_s4_c1_rnetol_d256_depth3_p20_bs200,seed133,133,671,134200,200,16,100.15102542337061,102.13551543486827,100.01137866586026,False,max_epochs,5047.961797475815
rl4crn_rne_oscillator_trace_8rxn_stop_risksched085to09_lr1e4_entropy005_s4_c1_rnetol_d256_depth3_p20_bs200,seed133,133,672,134400,200,16,100.27271466743977,103.49168936193253,100.01137866586026,False,max_epochs,5051.146892309189
rl4crn_rne_oscillator_trace_8rxn_stop_risksched085to09_lr1e4_entropy005_s4_c1_rnetol_d256_depth3_p20_bs200,seed133,133,673,134600,200,16,100.28007727061947,104.27412809902816,100.01137866586026,False,max_epochs,5059.078651428223
rl4crn_rne_oscillator_trace_8rxn_stop_risksched085to09_lr1e4_entropy005_s4_c1_rnetol_d256_depth3_p20_bs200,seed133,133,674,134800,200,16,100.05335961413951,103.04510118289795,100.01137866586026,False,max_epochs,5067.467544794083
rl4crn_rne_oscillator_trace_8rxn_stop_risksched085to09_lr1e4_entropy005_s4_c1_rnetol_d256_depth3_p20_bs200,seed133,133,675,135000,200,16,100.12874572042575,102.22651078894421,100.01137866586026,False,max_epochs,5075.566864490509
rl4crn_rne_oscillator_trace_8rxn_stop_risksched085to09_lr1e4_entropy005_s4_c1_rnetol_d256_depth3_p20_bs200,seed133,133,676,135200,200,16,100.06126671410865,102.90696485842,100.01137866586026,False,max_epochs,5083.442147254944
rl4crn_rne_oscillator_trace_8rxn_stop_risksched085to09_lr1e4_entropy005_s4_c1_rnetol_d256_depth3_p20_bs200,seed133,133,677,135400,200,16,100.16996329989654,102.68890859769446,100.01137866586026,False,max_epochs,5091.160803556442
rl4crn_rne_oscillator_trace_8rxn_stop_risksched085to09_lr1e4_entropy005_s4_c1_rnetol_d256_depth3_p20_bs200,seed133,133,678,135600,200,16,100.09896014652574,103.12407372464034,100.01137866586026,False,max_epochs,5099.255587816238
rl4crn_rne_oscillator_trace_8rxn_stop_risksched085to09_lr1e4_entropy005_s4_c1_rnetol_d256_depth3_p20_bs200,seed133,133,679,135800,200,16,100.20395477849955,103.39261658211169,100.01137866586026,False,max_epochs,5105.590217828751
rl4crn_rne_oscillator_trace_8rxn_stop_risksched085to09_lr1e4_entropy005_s4_c1_rnetol_d256_depth3_p20_bs200,seed133,133,680,136000,200,16,100.16859759364931,102.18421587348746,100.01137866586026,False,max_epochs,5109.975470781326
rl4crn_rne_oscillator_trace_8rxn_stop_risksched085to09_lr1e4_entropy005_s4_c1_rnetol_d256_depth3_p20_bs200,seed133,133,681,136200,200,16,100.13298928375553,102.06146209834263,100.01137866586026,False,max_epochs,5117.862999916077
rl4crn_rne_oscillator_trace_8rxn_stop_risksched085to09_lr1e4_entropy005_s4_c1_rnetol_d256_depth3_p20_bs200,seed133,133,682,136400,200,16,100.02854710815878,101.78910331111663,100.01137866586026,False,max_epochs,5126.307346820831
rl4crn_rne_oscillator_trace_8rxn_stop_risksched085to09_lr1e4_entropy005_s4_c1_rnetol_d256_depth3_p20_bs200,seed133,133,683,136600,200,16,100.03148648373605,102.04701520144798,100.01137866586026,False,max_epochs,5134.426542520523
rl4crn_rne_oscillator_trace_8rxn_stop_risksched085to09_lr1e4_entropy005_s4_c1_rnetol_d256_depth3_p20_bs200,seed133,133,684,136800,200,16,100.0252863117649,103.1032010739169,100.01137866586026,False,max_epochs,5141.781947612762
rl4crn_rne_oscillator_trace_8rxn_stop_risksched085to09_lr1e4_entropy005_s4_c1_rnetol_d256_depth3_p20_bs200,seed133,133,685,137000,200,16,100.09485054620885,104.43090957765541,100.01137866586026,False,max_epochs,5149.5254027843475
rl4crn_rne_oscillator_trace_8rxn_stop_risksched085to09_lr1e4_entropy005_s4_c1_rnetol_d256_depth3_p20_bs200,seed133,133,686,137200,200,16,100.08008904862774,101.68226468376709,100.01137866586026,False,max_epochs,5157.573408603668
rl4crn_rne_oscillator_trace_8rxn_stop_risksched085to09_lr1e4_entropy005_s4_c1_rnetol_d256_depth3_p20_bs200,seed133,133,687,137400,200,16,100.12912685359424,101.91951331834073,100.01137866586026,False,max_epochs,5165.081490755081
rl4crn_rne_oscillator_trace_8rxn_stop_risksched085to09_lr1e4_entropy005_s4_c1_rnetol_d256_depth3_p20_bs200,seed133,133,688,137600,200,16,100.15856705078915,101.82652094863963,100.01137866586026,False,max_epochs,5168.404515981674
rl4crn_rne_oscillator_trace_8rxn_stop_risksched085to09_lr1e4_entropy005_s4_c1_rnetol_d256_depth3_p20_bs200,seed133,133,689,137800,200,16,100.10379188735914,101.58234359229706,100.01137866586026,False,max_epochs,5175.721280097961
rl4crn_rne_oscillator_trace_8rxn_stop_risksched085to09_lr1e4_entropy005_s4_c1_rnetol_d256_depth3_p20_bs200,seed133,133,690,138000,200,16,100.07482798982406,102.7067550163384,100.01137866586026,False,max_epochs,5183.935275554657
rl4crn_rne_oscillator_trace_8rxn_stop_risksched085to09_lr1e4_entropy005_s4_c1_rnetol_d256_depth3_p20_bs200,seed133,133,691,138200,200,16,100.0699636388304,102.72936252693086,100.01137866586026,False,max_epochs,5191.679409265518
rl4crn_rne_oscillator_trace_8rxn_stop_risksched085to09_lr1e4_entropy005_s4_c1_rnetol_d256_depth3_p20_bs200,seed133,133,692,138400,200,16,100.10629360741167,102.74962308223789,100.01137866586026,False,max_epochs,5199.673043727875
rl4crn_rne_oscillator_trace_8rxn_stop_risksched085to09_lr1e4_entropy005_s4_c1_rnetol_d256_depth3_p20_bs200,seed133,133,693,138600,200,16,100.09492203484962,103.10796150231516,100.01137866586026,False,max_epochs,5207.565434217453
rl4crn_rne_oscillator_trace_8rxn_stop_risksched085to09_lr1e4_entropy005_s4_c1_rnetol_d256_depth3_p20_bs200,seed133,133,694,138800,200,16,100.01662690305432,103.9152605090239,100.01137866586026,False,max_epochs,5215.574174404144
rl4crn_rne_oscillator_trace_8rxn_stop_risksched085to09_lr1e4_entropy005_s4_c1_rnetol_d256_depth3_p20_bs200,seed133,133,695,139000,200,16,100.19876737368924,103.19028656097461,100.01137866586026,False,max_epochs,5223.081737279892
rl4crn_rne_oscillator_trace_8rxn_stop_risksched085to09_lr1e4_entropy005_s4_c1_rnetol_d256_depth3_p20_bs200,seed133,133,696,139200,200,16,100.04250552685036,103.12179352156403,100.01137866586026,False,max_epochs,5226.052453756332
rl4crn_rne_oscillator_trace_8rxn_stop_risksched085to09_lr1e4_entropy005_s4_c1_rnetol_d256_depth3_p20_bs200,seed133,133,697,139400,200,16,100.23551052761258,103.02797740527983,100.01137866586026,False,max_epochs,5233.7097063064575
rl4crn_rne_oscillator_trace_8rxn_stop_risksched085to09_lr1e4_entropy005_s4_c1_rnetol_d256_depth3_p20_bs200,seed133,133,698,139600,200,16,100.17970171131518,102.95703040609953,100.01137866586026,False,max_epochs,5241.683934211731
rl4crn_rne_oscillator_trace_8rxn_stop_risksched085to09_lr1e4_entropy005_s4_c1_rnetol_d256_depth3_p20_bs200,seed133,133,699,139800,200,16,100.12587874705692,102.34136872388036,100.01137866586026,False,max_epochs,5249.924335241318
rl4crn_rne_oscillator_trace_8rxn_stop_risksched085to09_lr1e4_entropy005_s4_c1_rnetol_d256_depth3_p20_bs200,seed133,133,700,140000,200,16,100.16446999150796,102.40374087661749,100.01137866586026,False,max_epochs,5257.788944244385
rl4crn_rne_oscillator_trace_8rxn_stop_risksched085to09_lr1e4_entropy005_s4_c1_rnetol_d256_depth3_p20_bs200,seed133,133,701,140200,200,16,100.0690825391724,102.32596779244952,100.01137866586026,False,max_epochs,5265.439774751663
rl4crn_rne_oscillator_trace_8rxn_stop_risksched085to09_lr1e4_entropy005_s4_c1_rnetol_d256_depth3_p20_bs200,seed133,133,702,140400,200,16,100.108524876033,102.4609834983907,100.01137866586026,False,max_epochs,5270.834990024567
rl4crn_rne_oscillator_trace_8rxn_stop_risksched085to09_lr1e4_entropy005_s4_c1_rnetol_d256_depth3_p20_bs200,seed133,133,703,140600,200,16,100.07101768474837,102.37184987337153,100.01137866586026,False,max_epochs,5275.916837453842
rl4crn_rne_oscillator_trace_8rxn_stop_risksched085to09_lr1e4_entropy005_s4_c1_rnetol_d256_depth3_p20_bs200,seed133,133,704,140800,200,16,100.06106363746862,102.16444128609402,100.01137866586026,False,max_epochs,5283.914486408234
rl4crn_rne_oscillator_trace_8rxn_stop_risksched085to09_lr1e4_entropy005_s4_c1_rnetol_d256_depth3_p20_bs200,seed133,133,705,141000,200,16,100.0279422756683,102.09276909896772,100.01137866586026,False,max_epochs,5291.8170738220215
rl4crn_rne_oscillator_trace_8rxn_stop_risksched085to09_lr1e4_entropy005_s4_c1_rnetol_d256_depth3_p20_bs200,seed133,133,706,141200,200,16,100.13712787850181,101.79677732187166,100.01137866586026,False,max_epochs,5300.13001704216
rl4crn_rne_oscillator_trace_8rxn_stop_risksched085to09_lr1e4_entropy005_s4_c1_rnetol_d256_depth3_p20_bs200,seed133,133,707,141400,200,16,100.17707133622622,103.12878905997857,100.01137866586026,False,max_epochs,5308.225878477097
rl4crn_rne_oscillator_trace_8rxn_stop_risksched085to09_lr1e4_entropy005_s4_c1_rnetol_d256_depth3_p20_bs200,seed133,133,708,141600,200,16,100.0994068237944,103.36572563737428,100.01137866586026,False,max_epochs,5312.433965206146
rl4crn_rne_oscillator_trace_8rxn_stop_risksched085to09_lr1e4_entropy005_s4_c1_rnetol_d256_depth3_p20_bs200,seed133,133,709,141800,200,16,100.07710877089285,102.05263497330509,100.01137866586026,False,max_epochs,5318.060366392136
rl4crn_rne_oscillator_trace_8rxn_stop_risksched085to09_lr1e4_entropy005_s4_c1_rnetol_d256_depth3_p20_bs200,seed133,133,710,142000,200,16,100.08461911645098,102.69365859380343,100.01137866586026,False,max_epochs,5326.436292409897
rl4crn_rne_oscillator_trace_8rxn_stop_risksched085to09_lr1e4_entropy005_s4_c1_rnetol_d256_depth3_p20_bs200,seed133,133,711,142200,200,16,100.12907412076162,102.55193661600732,100.01137866586026,False,max_epochs,5334.551554918289
rl4crn_rne_oscillator_trace_8rxn_stop_risksched085to09_lr1e4_entropy005_s4_c1_rnetol_d256_depth3_p20_bs200,seed133,133,712,142400,200,16,100.11871054995241,102.6727385966752,100.01137866586026,False,max_epochs,5342.822091579437
rl4crn_rne_oscillator_trace_8rxn_stop_risksched085to09_lr1e4_entropy005_s4_c1_rnetol_d256_depth3_p20_bs200,seed133,133,713,142600,200,16,100.06136092416253,102.97263217760337,100.01137866586026,False,max_epochs,5351.211951255798
rl4crn_rne_oscillator_trace_8rxn_stop_risksched085to09_lr1e4_entropy005_s4_c1_rnetol_d256_depth3_p20_bs200,seed133,133,714,142800,200,16,100.17373681447356,102.76305464186595,100.01137866586026,False,max_epochs,5359.241395711899
rl4crn_rne_oscillator_trace_8rxn_stop_risksched085to09_lr1e4_entropy005_s4_c1_rnetol_d256_depth3_p20_bs200,seed133,133,715,143000,200,16,100.08015425945598,103.36445313380386,100.01137866586026,False,max_epochs,5367.2526512146
rl4crn_rne_oscillator_trace_8rxn_stop_risksched085to09_lr1e4_entropy005_s4_c1_rnetol_d256_depth3_p20_bs200,seed133,133,716,143200,200,16,100.15280787475092,103.89476901711365,100.01137866586026,False,max_epochs,5375.168992519379
rl4crn_rne_oscillator_trace_8rxn_stop_risksched085to09_lr1e4_entropy005_s4_c1_rnetol_d256_depth3_p20_bs200,seed133,133,717,143400,200,16,100.20869535547163,102.82515328625058,100.01137866586026,False,max_epochs,5378.115514755249
rl4crn_rne_oscillator_trace_8rxn_stop_risksched085to09_lr1e4_entropy005_s4_c1_rnetol_d256_depth3_p20_bs200,seed133,133,718,143600,200,16,100.4114429448956,103.86140871217825,100.01137866586026,False,max_epochs,5385.485019207001
rl4crn_rne_oscillator_trace_8rxn_stop_risksched085to09_lr1e4_entropy005_s4_c1_rnetol_d256_depth3_p20_bs200,seed133,133,719,143800,200,16,100.2791291243342,104.66164208668121,100.01137866586026,False,max_epochs,5393.829468488693
rl4crn_rne_oscillator_trace_8rxn_stop_risksched085to09_lr1e4_entropy005_s4_c1_rnetol_d256_depth3_p20_bs200,seed133,133,720,144000,200,16,100.5100456802705,104.22604170162077,100.01137866586026,False,max_epochs,5402.064329147339
rl4crn_rne_oscillator_trace_8rxn_stop_risksched085to09_lr1e4_entropy005_s4_c1_rnetol_d256_depth3_p20_bs200,seed133,133,721,144200,200,16,100.20506324251554,102.67801617102248,100.01137866586026,False,max_epochs,5410.185076475143
rl4crn_rne_oscillator_trace_8rxn_stop_risksched085to09_lr1e4_entropy005_s4_c1_rnetol_d256_depth3_p20_bs200,seed133,133,722,144400,200,16,100.79208147632113,105.01288543775196,100.01137866586026,False,max_epochs,5418.331566333771
rl4crn_rne_oscillator_trace_8rxn_stop_risksched085to09_lr1e4_entropy005_s4_c1_rnetol_d256_depth3_p20_bs200,seed133,133,723,144600,200,16,100.82275434752646,107.53450183413491,100.01137866586026,False,max_epochs,5426.561420917511
rl4crn_rne_oscillator_trace_8rxn_stop_risksched085to09_lr1e4_entropy005_s4_c1_rnetol_d256_depth3_p20_bs200,seed133,133,724,144800,200,16,100.51347560505847,107.50816471190635,100.01137866586026,False,max_epochs,5434.656613349915
rl4crn_rne_oscillator_trace_8rxn_stop_risksched085to09_lr1e4_entropy005_s4_c1_rnetol_d256_depth3_p20_bs200,seed133,133,725,145000,200,16,100.08256618025702,105.18386146453317,100.01137866586026,False,max_epochs,5442.347326040268
rl4crn_rne_oscillator_trace_8rxn_stop_risksched085to09_lr1e4_entropy005_s4_c1_rnetol_d256_depth3_p20_bs200,seed133,133,726,145200,200,16,100.1870390999376,102.8999098947038,100.01137866586026,False,max_epochs,5445.388195514679
rl4crn_rne_oscillator_trace_8rxn_stop_risksched085to09_lr1e4_entropy005_s4_c1_rnetol_d256_depth3_p20_bs200,seed133,133,727,145400,200,16,100.42258959813427,104.21073324001675,100.01137866586026,False,max_epochs,5452.8369154930115
rl4crn_rne_oscillator_trace_8rxn_stop_risksched085to09_lr1e4_entropy005_s4_c1_rnetol_d256_depth3_p20_bs200,seed133,133,728,145600,200,16,100.27913910568387,105.20442229955604,100.01137866586026,False,max_epochs,5460.97635436058
rl4crn_rne_oscillator_trace_8rxn_stop_risksched085to09_lr1e4_entropy005_s4_c1_rnetol_d256_depth3_p20_bs200,seed133,133,729,145800,200,16,100.14387214212826,104.64632274057263,100.01137866586026,False,max_epochs,5469.197702884674
rl4crn_rne_oscillator_trace_8rxn_stop_risksched085to09_lr1e4_entropy005_s4_c1_rnetol_d256_depth3_p20_bs200,seed133,133,730,146000,200,16,100.20000356315596,102.66461448252849,100.01137866586026,False,max_epochs,5477.2474801540375
rl4crn_rne_oscillator_trace_8rxn_stop_risksched085to09_lr1e4_entropy005_s4_c1_rnetol_d256_depth3_p20_bs200,seed133,133,731,146200,200,16,100.06089406043505,103.92467038220937,100.01137866586026,False,max_epochs,5485.462491512299
rl4crn_rne_oscillator_trace_8rxn_stop_risksched085to09_lr1e4_entropy005_s4_c1_rnetol_d256_depth3_p20_bs200,seed133,133,732,146400,200,16,100.41520184514815,106.49612877465407,100.01137866586026,False,max_epochs,5493.246965646744
rl4crn_rne_oscillator_trace_8rxn_stop_risksched085to09_lr1e4_entropy005_s4_c1_rnetol_d256_depth3_p20_bs200,seed133,133,733,146600,200,16,100.44508561688448,106.49507081200377,100.01137866586026,False,max_epochs,5500.206024646759
rl4crn_rne_oscillator_trace_8rxn_stop_risksched085to09_lr1e4_entropy005_s4_c1_rnetol_d256_depth3_p20_bs200,seed133,133,734,146800,200,16,100.15997049291754,104.16720374975863,100.01137866586026,False,max_epochs,5503.476368904114
rl4crn_rne_oscillator_trace_8rxn_stop_risksched085to09_lr1e4_entropy005_s4_c1_rnetol_d256_depth3_p20_bs200,seed133,133,735,147000,200,16,100.10030278855014,102.91578061132633,100.01137866586026,False,max_epochs,5511.702386379242
rl4crn_rne_oscillator_trace_8rxn_stop_risksched085to09_lr1e4_entropy005_s4_c1_rnetol_d256_depth3_p20_bs200,seed133,133,736,147200,200,16,100.18976452876879,103.55576270908563,100.01137866586026,False,max_epochs,5519.907142400742
rl4crn_rne_oscillator_trace_8rxn_stop_risksched085to09_lr1e4_entropy005_s4_c1_rnetol_d256_depth3_p20_bs200,seed133,133,737,147400,200,16,100.25728703641299,103.51466542309018,100.01137866586026,False,max_epochs,5528.1365394592285
rl4crn_rne_oscillator_trace_8rxn_stop_risksched085to09_lr1e4_entropy005_s4_c1_rnetol_d256_depth3_p20_bs200,seed133,133,738,147600,200,16,100.16414302099652,102.69678432347918,100.01137866586026,False,max_epochs,5536.2279579639435
rl4crn_rne_oscillator_trace_8rxn_stop_risksched085to09_lr1e4_entropy005_s4_c1_rnetol_d256_depth3_p20_bs200,seed133,133,739,147800,200,16,100.12023755488434,104.33740057310973,100.01137866586026,False,max_epochs,5544.89197063446
rl4crn_rne_oscillator_trace_8rxn_stop_risksched085to09_lr1e4_entropy005_s4_c1_rnetol_d256_depth3_p20_bs200,seed133,133,740,148000,200,16,100.14808447515708,105.64840272851109,100.01137866586026,False,max_epochs,5553.3890924453735
rl4crn_rne_oscillator_trace_8rxn_stop_risksched085to09_lr1e4_entropy005_s4_c1_rnetol_d256_depth3_p20_bs200,seed133,133,741,148200,200,16,100.17501765849495,105.27022436696825,100.01137866586026,False,max_epochs,5560.904208898544
rl4crn_rne_oscillator_trace_8rxn_stop_risksched085to09_lr1e4_entropy005_s4_c1_rnetol_d256_depth3_p20_bs200,seed133,133,742,148400,200,16,100.12710141784659,103.370492350176,100.01137866586026,False,max_epochs,5568.817793369293
rl4crn_rne_oscillator_trace_8rxn_stop_risksched085to09_lr1e4_entropy005_s4_c1_rnetol_d256_depth3_p20_bs200,seed133,133,743,148600,200,16,100.14494774977693,103.62871250759336,100.01137866586026,False,max_epochs,5576.852399110794
rl4crn_rne_oscillator_trace_8rxn_stop_risksched085to09_lr1e4_entropy005_s4_c1_rnetol_d256_depth3_p20_bs200,seed133,133,744,148800,200,16,100.2454546830889,104.35210934919803,100.01137866586026,False,max_epochs,5584.396540880203
rl4crn_rne_oscillator_trace_8rxn_stop_risksched085to09_lr1e4_entropy005_s4_c1_rnetol_d256_depth3_p20_bs200,seed133,133,745,149000,200,16,100.09183842979863,104.17436542895541,100.01137866586026,False,max_epochs,5587.243361949921
rl4crn_rne_oscillator_trace_8rxn_stop_risksched085to09_lr1e4_entropy005_s4_c1_rnetol_d256_depth3_p20_bs200,seed133,133,746,149200,200,16,100.04345170695537,103.65341719274194,100.01137866586026,False,max_epochs,5595.075075387955
rl4crn_rne_oscillator_trace_8rxn_stop_risksched085to09_lr1e4_entropy005_s4_c1_rnetol_d256_depth3_p20_bs200,seed133,133,747,149400,200,16,100.04142514996703,103.00258371384345,100.01137866586026,False,max_epochs,5603.373963594437
rl4crn_rne_oscillator_trace_8rxn_stop_risksched085to09_lr1e4_entropy005_s4_c1_rnetol_d256_depth3_p20_bs200,seed133,133,748,149600,200,16,100.18756533588359,104.4897211888208,100.01137866586026,False,max_epochs,5611.682871341705
rl4crn_rne_oscillator_trace_8rxn_stop_risksched085to09_lr1e4_entropy005_s4_c1_rnetol_d256_depth3_p20_bs200,seed133,133,749,149800,200,16,100.23219973139865,104.0620661110011,100.01137866586026,False,max_epochs,5619.7678463459015
rl4crn_rne_oscillator_trace_8rxn_stop_risksched085to09_lr1e4_entropy005_s4_c1_rnetol_d256_depth3_p20_bs200,seed133,133,750,150000,200,16,100.20684118044544,103.18745845882114,100.01137866586026,False,max_epochs,5627.885835170746
rl4crn_rne_oscillator_trace_8rxn_stop_risksched085to09_lr1e4_entropy005_s4_c1_rnetol_d256_depth3_p20_bs200,seed133,133,751,150200,200,16,100.3765698811764,104.01277353220715,100.01137866586026,False,max_epochs,5636.035147666931
rl4crn_rne_oscillator_trace_8rxn_stop_risksched085to09_lr1e4_entropy005_s4_c1_rnetol_d256_depth3_p20_bs200,seed133,133,752,150400,200,16,100.19813579721486,104.31258432061114,100.01137866586026,False,max_epochs,5644.12312579155
rl4crn_rne_oscillator_trace_8rxn_stop_risksched085to09_lr1e4_entropy005_s4_c1_rnetol_d256_depth3_p20_bs200,seed133,133,753,150600,200,16,100.17779788997893,103.82095887313206,100.01137866586026,False,max_epochs,5650.230832099915
rl4crn_rne_oscillator_trace_8rxn_stop_risksched085to09_lr1e4_entropy005_s4_c1_rnetol_d256_depth3_p20_bs200,seed133,133,754,150800,200,16,100.19323158366826,103.28611662712648,100.01137866586026,False,max_epochs,5654.54563164711
rl4crn_rne_oscillator_trace_8rxn_stop_risksched085to09_lr1e4_entropy005_s4_c1_rnetol_d256_depth3_p20_bs200,seed133,133,755,151000,200,16,100.09871255315575,103.73055346857467,100.01137866586026,False,max_epochs,5662.6291444301605
rl4crn_rne_oscillator_trace_8rxn_stop_risksched085to09_lr1e4_entropy005_s4_c1_rnetol_d256_depth3_p20_bs200,seed133,133,756,151200,200,16,100.16982977196778,105.48549270091813,100.01137866586026,False,max_epochs,5670.950851917267
rl4crn_rne_oscillator_trace_8rxn_stop_risksched085to09_lr1e4_entropy005_s4_c1_rnetol_d256_depth3_p20_bs200,seed133,133,757,151400,200,16,100.34010843017872,104.6922149063772,100.01137866586026,False,max_epochs,5679.325779914856
rl4crn_rne_oscillator_trace_8rxn_stop_risksched085to09_lr1e4_entropy005_s4_c1_rnetol_d256_depth3_p20_bs200,seed133,133,758,151600,200,16,100.0688752514159,103.26555712803491,100.01137866586026,False,max_epochs,5687.295805692673
rl4crn_rne_oscillator_trace_8rxn_stop_risksched085to09_lr1e4_entropy005_s4_c1_rnetol_d256_depth3_p20_bs200,seed133,133,759,151800,200,16,100.08146134188127,102.61087138597807,100.01137866586026,False,max_epochs,5695.431266069412
rl4crn_rne_oscillator_trace_8rxn_stop_risksched085to09_lr1e4_entropy005_s4_c1_rnetol_d256_depth3_p20_bs200,seed133,133,760,152000,200,16,100.14540056453062,103.55434452552791,100.01137866586026,False,max_epochs,5703.501973628998
rl4crn_rne_oscillator_trace_8rxn_stop_risksched085to09_lr1e4_entropy005_s4_c1_rnetol_d256_depth3_p20_bs200,seed133,133,761,152200,200,16,100.13891855503016,102.94487551905067,100.01137866586026,False,max_epochs,5711.427391052246
rl4crn_rne_oscillator_trace_8rxn_stop_risksched085to09_lr1e4_entropy005_s4_c1_rnetol_d256_depth3_p20_bs200,seed133,133,762,152400,200,16,100.10733255413169,102.21249596799058,100.01137866586026,False,max_epochs,5716.148658752441
rl4crn_rne_oscillator_trace_8rxn_stop_risksched085to09_lr1e4_entropy005_s4_c1_rnetol_d256_depth3_p20_bs200,seed133,133,763,152600,200,16,100.14926688616238,102.67935889027959,100.01137866586026,False,max_epochs,5721.750399112701
rl4crn_rne_oscillator_trace_8rxn_stop_risksched085to09_lr1e4_entropy005_s4_c1_rnetol_d256_depth3_p20_bs200,seed133,133,764,152800,200,16,100.07625598839824,103.26876738385221,100.01137866586026,False,max_epochs,5730.477551937103
rl4crn_rne_oscillator_trace_8rxn_stop_risksched085to09_lr1e4_entropy005_s4_c1_rnetol_d256_depth3_p20_bs200,seed133,133,765,153000,200,16,100.08332019628428,102.84792380191573,100.01137866586026,False,max_epochs,5738.7142124176025
rl4crn_rne_oscillator_trace_8rxn_stop_risksched085to09_lr1e4_entropy005_s4_c1_rnetol_d256_depth3_p20_bs200,seed133,133,766,153200,200,16,100.11067491716037,102.39788872607681,100.01137866586026,False,max_epochs,5746.9870183467865
rl4crn_rne_oscillator_trace_8rxn_stop_risksched085to09_lr1e4_entropy005_s4_c1_rnetol_d256_depth3_p20_bs200,seed133,133,767,153400,200,16,100.11638982540606,102.3740701688007,100.01137866586026,False,max_epochs,5755.461442232132
rl4crn_rne_oscillator_trace_8rxn_stop_risksched085to09_lr1e4_entropy005_s4_c1_rnetol_d256_depth3_p20_bs200,seed133,133,768,153600,200,16,100.08192639050725,102.43930129783497,100.01137866586026,False,max_epochs,5763.30997633934
rl4crn_rne_oscillator_trace_8rxn_stop_risksched085to09_lr1e4_entropy005_s4_c1_rnetol_d256_depth3_p20_bs200,seed133,133,769,153800,200,16,100.18320872463254,102.59912892332565,100.01137866586026,False,max_epochs,5771.436567783356
rl4crn_rne_oscillator_trace_8rxn_stop_risksched085to09_lr1e4_entropy005_s4_c1_rnetol_d256_depth3_p20_bs200,seed133,133,770,154000,200,16,100.30282929769491,102.68492015261327,100.01137866586026,False,max_epochs,5779.29684472084
rl4crn_rne_oscillator_trace_8rxn_stop_risksched085to09_lr1e4_entropy005_s4_c1_rnetol_d256_depth3_p20_bs200,seed133,133,771,154200,200,16,100.14693338364583,102.16049262876011,100.01137866586026,False,max_epochs,5781.975448608398
rl4crn_rne_oscillator_trace_8rxn_stop_risksched085to09_lr1e4_entropy005_s4_c1_rnetol_d256_depth3_p20_bs200,seed133,133,772,154400,200,16,100.00432838824516,102.92442163981646,100.00432838824516,False,max_epochs,5789.331016302109
rl4crn_rne_oscillator_trace_8rxn_stop_risksched085to09_lr1e4_entropy005_s4_c1_rnetol_d256_depth3_p20_bs200,seed133,133,773,154600,200,16,100.00850044971344,103.3811387902049,100.00432838824516,False,max_epochs,5797.451313972473
rl4crn_rne_oscillator_trace_8rxn_stop_risksched085to09_lr1e4_entropy005_s4_c1_rnetol_d256_depth3_p20_bs200,seed133,133,774,154800,200,16,100.19414050951224,102.64882345637493,100.00432838824516,False,max_epochs,5805.385135650635
rl4crn_rne_oscillator_trace_8rxn_stop_risksched085to09_lr1e4_entropy005_s4_c1_rnetol_d256_depth3_p20_bs200,seed133,133,775,155000,200,16,100.06685218544993,102.4524313336724,100.00432838824516,False,max_epochs,5813.485673427582
rl4crn_rne_oscillator_trace_8rxn_stop_risksched085to09_lr1e4_entropy005_s4_c1_rnetol_d256_depth3_p20_bs200,seed133,133,776,155200,200,16,100.14233570880792,103.2574474983903,100.00432838824516,False,max_epochs,5821.515668392181
rl4crn_rne_oscillator_trace_8rxn_stop_risksched085to09_lr1e4_entropy005_s4_c1_rnetol_d256_depth3_p20_bs200,seed133,133,777,155400,200,16,100.09903226469241,103.00474807369633,100.00432838824516,False,max_epochs,5828.903603076935
rl4crn_rne_oscillator_trace_8rxn_stop_risksched085to09_lr1e4_entropy005_s4_c1_rnetol_d256_depth3_p20_bs200,seed133,133,778,155600,200,16,100.15751280369639,102.56116271657612,100.00432838824516,False,max_epochs,5831.89310669899
rl4crn_rne_oscillator_trace_8rxn_stop_risksched085to09_lr1e4_entropy005_s4_c1_rnetol_d256_depth3_p20_bs200,seed133,133,779,155800,200,16,100.08568629184555,102.18111477919992,100.00432838824516,False,max_epochs,5839.670375823975
rl4crn_rne_oscillator_trace_8rxn_stop_risksched085to09_lr1e4_entropy005_s4_c1_rnetol_d256_depth3_p20_bs200,seed133,133,780,156000,200,16,100.09414907015625,102.46275459201432,100.00432838824516,False,max_epochs,5847.904967308044
rl4crn_rne_oscillator_trace_8rxn_stop_risksched085to09_lr1e4_entropy005_s4_c1_rnetol_d256_depth3_p20_bs200,seed133,133,781,156200,200,16,100.07144342137406,102.11559900416663,100.00432838824516,False,max_epochs,5856.463672637939
rl4crn_rne_oscillator_trace_8rxn_stop_risksched085to09_lr1e4_entropy005_s4_c1_rnetol_d256_depth3_p20_bs200,seed133,133,782,156400,200,16,100.08681669492097,102.72975220142479,100.00432838824516,False,max_epochs,5864.49399471283
rl4crn_rne_oscillator_trace_8rxn_stop_risksched085to09_lr1e4_entropy005_s4_c1_rnetol_d256_depth3_p20_bs200,seed133,133,783,156600,200,16,100.0885733009557,102.83149247638642,100.00432838824516,False,max_epochs,5872.808374881744
rl4crn_rne_oscillator_trace_8rxn_stop_risksched085to09_lr1e4_entropy005_s4_c1_rnetol_d256_depth3_p20_bs200,seed133,133,784,156800,200,16,100.04299508038498,101.95203114337042,100.00432838824516,False,max_epochs,5880.842299222946
rl4crn_rne_oscillator_trace_8rxn_stop_risksched085to09_lr1e4_entropy005_s4_c1_rnetol_d256_depth3_p20_bs200,seed133,133,785,157000,200,16,100.11646839101097,104.58189814459722,100.00432838824516,False,max_epochs,5888.836649179459
rl4crn_rne_oscillator_trace_8rxn_stop_risksched085to09_lr1e4_entropy005_s4_c1_rnetol_d256_depth3_p20_bs200,seed133,133,786,157200,200,16,101.24643418819446,106.40587871389532,100.00432838824516,False,max_epochs,5891.6727776527405
rl4crn_rne_oscillator_trace_8rxn_stop_risksched085to09_lr1e4_entropy005_s4_c1_rnetol_d256_depth3_p20_bs200,seed133,133,787,157400,200,16,100.26731821820697,104.91005356604103,100.00432838824516,False,max_epochs,5899.208962202072
rl4crn_rne_oscillator_trace_8rxn_stop_risksched085to09_lr1e4_entropy005_s4_c1_rnetol_d256_depth3_p20_bs200,seed133,133,788,157600,200,16,100.03032778524268,102.16730646083697,100.00432838824516,False,max_epochs,5907.613237857819
rl4crn_rne_oscillator_trace_8rxn_stop_risksched085to09_lr1e4_entropy005_s4_c1_rnetol_d256_depth3_p20_bs200,seed133,133,789,157800,200,16,100.09348764838758,102.7715386760555,100.00432838824516,False,max_epochs,5916.000168323517
rl4crn_rne_oscillator_trace_8rxn_stop_risksched085to09_lr1e4_entropy005_s4_c1_rnetol_d256_depth3_p20_bs200,seed133,133,790,158000,200,16,100.18020454242479,103.23230920035064,100.00432838824516,False,max_epochs,5924.540122270584
rl4crn_rne_oscillator_trace_8rxn_stop_risksched085to09_lr1e4_entropy005_s4_c1_rnetol_d256_depth3_p20_bs200,seed133,133,791,158200,200,16,100.35940318527388,103.0954193650653,100.00432838824516,False,max_epochs,5932.729124069214
rl4crn_rne_oscillator_trace_8rxn_stop_risksched085to09_lr1e4_entropy005_s4_c1_rnetol_d256_depth3_p20_bs200,seed133,133,792,158400,200,16,100.10644133970048,102.16304875655631,100.00432838824516,False,max_epochs,5940.502933502197
rl4crn_rne_oscillator_trace_8rxn_stop_risksched085to09_lr1e4_entropy005_s4_c1_rnetol_d256_depth3_p20_bs200,seed133,133,793,158600,200,16,100.09330812098052,102.01640747623829,100.00432838824516,False,max_epochs,5948.529902935028
rl4crn_rne_oscillator_trace_8rxn_stop_risksched085to09_lr1e4_entropy005_s4_c1_rnetol_d256_depth3_p20_bs200,seed133,133,794,158800,200,16,100.11602464134654,103.53809100169684,100.00432838824516,False,max_epochs,5956.349988460541
rl4crn_rne_oscillator_trace_8rxn_stop_risksched085to09_lr1e4_entropy005_s4_c1_rnetol_d256_depth3_p20_bs200,seed133,133,795,159000,200,16,100.1120599434604,102.84472989090644,100.00432838824516,False,max_epochs,5959.3305587768555
rl4crn_rne_oscillator_trace_8rxn_stop_risksched085to09_lr1e4_entropy005_s4_c1_rnetol_d256_depth3_p20_bs200,seed133,133,796,159200,200,16,100.06110808239228,102.03273412707941,100.00432838824516,False,max_epochs,5966.786304950714
rl4crn_rne_oscillator_trace_8rxn_stop_risksched085to09_lr1e4_entropy005_s4_c1_rnetol_d256_depth3_p20_bs200,seed133,133,797,159400,200,16,100.05186404575687,102.318954832043,100.00432838824516,False,max_epochs,5974.886815547943
rl4crn_rne_oscillator_trace_8rxn_stop_risksched085to09_lr1e4_entropy005_s4_c1_rnetol_d256_depth3_p20_bs200,seed133,133,798,159600,200,16,100.12669945395363,102.09174195762941,100.00432838824516,False,max_epochs,5983.788781166077
rl4crn_rne_oscillator_trace_8rxn_stop_risksched085to09_lr1e4_entropy005_s4_c1_rnetol_d256_depth3_p20_bs200,seed133,133,799,159800,200,16,100.04632809513934,101.93647458377025,100.00432838824516,False,max_epochs,5991.733033418655
rl4crn_rne_oscillator_trace_8rxn_stop_risksched085to09_lr1e4_entropy005_s4_c1_rnetol_d256_depth3_p20_bs200,seed133,133,800,160000,200,16,100.1055526609815,102.61333161234722,100.00432838824516,False,max_epochs,5999.42791724205
rl4crn_rne_oscillator_trace_8rxn_stop_risksched085to09_lr1e4_entropy005_s4_c1_rnetol_d256_depth3_p20_bs200,seed133,133,801,160200,200,16,100.13356738209131,102.62497105085626,100.00432838824516,False,max_epochs,6007.441631317139
